A: partition[   0][   0] :
  32.0000   55.0000   91.0000   80.0000   12.0000 
  17.0000   99.0000   25.0000   35.0000   77.0000 
  56.0000   97.0000   9.00000   65.0000   55.0000 
  23.0000   16.0000   79.0000   53.0000   88.0000 
  14.0000   38.0000   48.0000   3.00000   48.0000 

partition[   0][   1] :
  30.0000   21.0000   28.0000   84.0000   55.0000 
  32.0000   39.0000   86.0000   10.0000   29.0000 
  22.0000   25.0000   36.0000   19.0000   52.0000 
  76.0000   16.0000   57.0000   80.0000   75.0000 
  93.0000   44.0000   60.0000   41.0000   15.0000 

partition[   0][   2] :
  30.0000   92.0000   87.0000   17.0000   94.0000 
  24.0000   84.0000   42.0000   60.0000   83.0000 
  46.0000   36.0000   89.0000   78.0000   79.0000 
  45.0000   74.0000   82.0000   10.0000   5.00000 
  68.0000   26.0000   58.0000   16.0000   19.0000 

partition[   0][   3] :
  48.0000   71.0000   53.0000   27.0000   48.0000 
  12.0000   47.0000   2.00000   13.0000   17.0000 
  5.00000   69.0000   80.0000   64.0000   54.0000 
  50.0000   7.00000   83.0000   64.0000   1.00000 
  40.0000   17.0000   16.0000   41.0000   55.0000 

partition[   0][   4] :
  28.0000   82.0000   14.0000   39.0000   95.0000 
  99.0000   17.0000   63.0000   50.0000   62.0000 
  72.0000   94.0000   62.0000   94.0000   91.0000 
  32.0000   56.0000   8.00000   60.0000   40.0000 
  92.0000   6.00000   54.0000   77.0000   53.0000 

partition[   0][   5] :
  20.0000   11.0000   13.0000   4.00000   98.0000 
  45.0000   41.0000   96.0000   45.0000   96.0000 
  29.0000   82.0000   28.0000   20.0000   64.0000 
  70.0000   37.0000   64.0000   54.0000   72.0000 
  74.0000   43.0000   57.0000   13.0000   80.0000 

partition[   0][   6] :
  47.0000   25.0000   9.00000   27.0000   57.0000 
  90.0000   85.0000   74.0000   9.00000   55.0000 
  27.0000   32.0000   27.0000   66.0000   15.0000 
  41.0000   55.0000   82.0000   17.0000   87.0000 
  30.0000   69.0000   46.0000   90.0000   20.0000 

partition[   1][   0] :
  73.0000   66.0000   88.0000   79.0000   70.0000 
  95.0000   14.0000   24.0000   23.0000   35.0000 
  14.0000   69.0000   59.0000   48.0000   48.0000 
  55.0000   66.0000   6.00000   17.0000   69.0000 
  95.0000   53.0000   3.00000   14.0000   63.0000 

partition[   1][   1] :
  1.00000   15.0000   8.00000   93.0000   87.0000 
  47.0000   5.00000   83.0000   28.0000   79.0000 
  32.0000   5.00000   81.0000   8.00000   19.0000 
  93.0000   57.0000   92.0000   74.0000   92.0000 
  51.0000   37.0000   81.0000   11.0000   31.0000 

partition[   1][   2] :
  25.0000   85.0000   15.0000   85.0000   98.0000 
  93.0000   42.0000   71.0000   1.00000   38.0000 
  37.0000   67.0000   32.0000   9.00000   4.00000 
  24.0000   22.0000   2.00000   6.00000   76.0000 
  39.0000   60.0000   39.0000   19.0000   15.0000 

partition[   1][   3] :
  94.0000   28.0000   40.0000   14.0000   15.0000 
  41.0000   75.0000   72.0000   35.0000   54.0000 
  16.0000   91.0000   40.0000   4.00000   75.0000 
  99.0000   32.0000   2.00000   29.0000   7.00000 
  94.0000   35.0000   27.0000   57.0000   81.0000 

partition[   1][   4] :
  11.0000   77.0000   53.0000   98.0000   89.0000 
  76.0000   43.0000   86.0000   57.0000   54.0000 
  64.0000   63.0000   63.0000   45.0000   87.0000 
  62.0000   81.0000   10.0000   52.0000   60.0000 
  71.0000   50.0000   95.0000   62.0000   72.0000 

partition[   1][   5] :
  69.0000   78.0000   44.0000   52.0000   19.0000 
  6.00000   15.0000   8.00000   83.0000   1.00000 
  72.0000   93.0000   90.0000   52.0000   23.0000 
  66.0000   52.0000   60.0000   34.0000   14.0000 
  31.0000   16.0000   73.0000   78.0000   95.0000 

partition[   1][   6] :
  79.0000   22.0000   56.0000   61.0000   76.0000 
  99.0000   26.0000   64.0000   19.0000   16.0000 
  77.0000   98.0000   57.0000   82.0000   43.0000 
  98.0000   4.00000   65.0000   8.00000   17.0000 
  55.0000   28.0000   66.0000   28.0000   57.0000 

partition[   2][   0] :
  21.0000   18.0000   66.0000   35.0000   37.0000 
  33.0000   52.0000   28.0000   37.0000   44.0000 
  84.0000   64.0000   53.0000   77.0000   51.0000 
  8.00000   49.0000   46.0000   13.0000   46.0000 
  17.0000   41.0000   26.0000   19.0000   71.0000 

partition[   2][   1] :
  76.0000   42.0000   28.0000   65.0000   40.0000 
  40.0000   69.0000   78.0000   86.0000   43.0000 
  55.0000   67.0000   16.0000   37.0000   64.0000 
  32.0000   18.0000   58.0000   46.0000   47.0000 
  14.0000   1.00000   14.0000   33.0000   36.0000 

partition[   2][   2] :
  77.0000   43.0000   51.0000   62.0000   32.0000 
  77.0000   84.0000   98.0000   48.0000   1.00000 
  93.0000   11.0000   42.0000   96.0000   94.0000 
  88.0000   25.0000   36.0000   16.0000   20.0000 
  98.0000   3.00000   1.00000   62.0000   73.0000 

partition[   2][   3] :
  28.0000   77.0000   27.0000   73.0000   64.0000 
  48.0000   32.0000   18.0000   95.0000   64.0000 
  23.0000   31.0000   16.0000   53.0000   18.0000 
  82.0000   36.0000   7.00000   54.0000   31.0000 
  92.0000   34.0000   52.0000   27.0000   30.0000 

partition[   2][   4] :
  93.0000   3.00000   31.0000   83.0000   42.0000 
  91.0000   24.0000   10.0000   81.0000   15.0000 
  87.0000   63.0000   91.0000   94.0000   51.0000 
  1.00000   77.0000   5.00000   31.0000   95.0000 
  34.0000   82.0000   41.0000   18.0000   95.0000 

partition[   2][   5] :
  60.0000   15.0000   42.0000   62.0000   69.0000 
  95.0000   19.0000   33.0000   2.00000   47.0000 
  86.0000   9.00000   13.0000   78.0000   1.00000 
  50.0000   97.0000   37.0000   73.0000   32.0000 
  62.0000   47.0000   65.0000   48.0000   10.0000 

partition[   2][   6] :
  97.0000   78.0000   61.0000   13.0000   46.0000 
  48.0000   32.0000   61.0000   3.00000   10.0000 
  53.0000   83.0000   35.0000   11.0000   28.0000 
  81.0000   73.0000   84.0000   41.0000   84.0000 
  6.00000   76.0000   9.00000   96.0000   65.0000 

partition[   3][   0] :
  75.0000   79.0000   65.0000   55.0000   73.0000 
  23.0000   60.0000   39.0000   21.0000   41.0000 
  23.0000   28.0000   32.0000   91.0000   91.0000 
  54.0000   29.0000   48.0000   81.0000   25.0000 
  2.00000   81.0000   62.0000   93.0000   71.0000 

partition[   3][   1] :
  31.0000   74.0000   24.0000   13.0000   68.0000 
  4.00000   27.0000   49.0000   71.0000   44.0000 
  6.00000   67.0000   96.0000   38.0000   41.0000 
  32.0000   39.0000   85.0000   39.0000   10.0000 
  87.0000   52.0000   32.0000   25.0000   47.0000 

partition[   3][   2] :
  73.0000   23.0000   52.0000   26.0000   3.00000 
  15.0000   62.0000   91.0000   31.0000   98.0000 
  58.0000   31.0000   19.0000   95.0000   97.0000 
  82.0000   88.0000   24.0000   98.0000   86.0000 
  31.0000   15.0000   15.0000   61.0000   11.0000 

partition[   3][   3] :
  11.0000   44.0000   10.0000   11.0000   36.0000 
  10.0000   7.00000   42.0000   56.0000   12.0000 
  82.0000   54.0000   72.0000   44.0000   33.0000 
  63.0000   65.0000   37.0000   21.0000   59.0000 
  74.0000   38.0000   66.0000   68.0000   7.00000 

partition[   3][   4] :
  8.00000   83.0000   3.00000   48.0000   87.0000 
  98.0000   63.0000   59.0000   24.0000   43.0000 
  13.0000   47.0000   36.0000   52.0000   34.0000 
  82.0000   70.0000   36.0000   98.0000   45.0000 
  61.0000   89.0000   39.0000   39.0000   36.0000 

partition[   3][   5] :
  40.0000   28.0000   41.0000   31.0000   44.0000 
  55.0000   15.0000   85.0000   27.0000   87.0000 
  43.0000   66.0000   2.00000   81.0000   89.0000 
  91.0000   23.0000   34.0000   1.00000   78.0000 
  72.0000   25.0000   63.0000   69.0000   67.0000 

partition[   3][   6] :
  25.0000   27.0000   27.0000   37.0000   42.0000 
  69.0000   86.0000   86.0000   31.0000   52.0000 
  61.0000   36.0000   4.00000   99.0000   46.0000 
  73.0000   95.0000   31.0000   33.0000   99.0000 
  94.0000   82.0000   12.0000   75.0000   22.0000 

partition[   4][   0] :
  72.0000   23.0000   1.00000   89.0000   2.00000 
  2.00000   2.00000   84.0000   53.0000   40.0000 
  5.00000   85.0000   69.0000   18.0000   91.0000 
  9.00000   33.0000   78.0000   58.0000   39.0000 
  40.0000   32.0000   75.0000   85.0000   39.0000 

partition[   4][   1] :
  77.0000   66.0000   3.00000   36.0000   92.0000 
  87.0000   97.0000   8.00000   75.0000   38.0000 
  6.00000   55.0000   85.0000   71.0000   35.0000 
  16.0000   61.0000   86.0000   57.0000   50.0000 
  1.00000   54.0000   99.0000   43.0000   93.0000 

partition[   4][   2] :
  37.0000   58.0000   90.0000   60.0000   60.0000 
  92.0000   91.0000   22.0000   39.0000   47.0000 
  1.00000   61.0000   20.0000   17.0000   98.0000 
  86.0000   39.0000   14.0000   42.0000   77.0000 
  2.00000   23.0000   15.0000   8.00000   96.0000 

partition[   4][   3] :
  31.0000   42.0000   72.0000   45.0000   35.0000 
  91.0000   91.0000   66.0000   42.0000   43.0000 
  55.0000   66.0000   99.0000   8.00000   20.0000 
  39.0000   47.0000   95.0000   15.0000   39.0000 
  48.0000   95.0000   37.0000   37.0000   51.0000 

partition[   4][   4] :
  29.0000   98.0000   86.0000   31.0000   7.00000 
  84.0000   58.0000   45.0000   94.0000   72.0000 
  59.0000   88.0000   86.0000   26.0000   11.0000 
  62.0000   12.0000   25.0000   86.0000   84.0000 
  58.0000   3.00000   74.0000   67.0000   11.0000 

partition[   4][   5] :
  76.0000   18.0000   76.0000   72.0000   91.0000 
  32.0000   74.0000   75.0000   76.0000   57.0000 
  95.0000   30.0000   48.0000   30.0000   16.0000 
  93.0000   49.0000   63.0000   47.0000   15.0000 
  9.00000   61.0000   65.0000   22.0000   47.0000 

partition[   4][   6] :
  91.0000   9.00000   42.0000   15.0000   21.0000 
  91.0000   67.0000   68.0000   75.0000   3.00000 
  67.0000   26.0000   79.0000   82.0000   18.0000 
  96.0000   39.0000   93.0000   69.0000   51.0000 
  51.0000   21.0000   38.0000   96.0000   76.0000 

partition[   5][   0] :
  61.0000   96.0000   54.0000   51.0000   11.0000 
  31.0000   62.0000   97.0000   10.0000   56.0000 
  81.0000   44.0000   61.0000   96.0000   46.0000 
  82.0000   80.0000   28.0000   3.00000   23.0000 
  57.0000   26.0000   30.0000   46.0000   76.0000 

partition[   5][   1] :
  2.00000   32.0000   88.0000   96.0000   63.0000 
  7.00000   14.0000   59.0000   43.0000   76.0000 
  25.0000   38.0000   94.0000   23.0000   79.0000 
  35.0000   69.0000   53.0000   26.0000   37.0000 
  49.0000   95.0000   79.0000   48.0000   22.0000 

partition[   5][   2] :
  6.00000   94.0000   40.0000   86.0000   79.0000 
  75.0000   26.0000   20.0000   69.0000   11.0000 
  22.0000   79.0000   78.0000   18.0000   84.0000 
  1.00000   53.0000   90.0000   16.0000   19.0000 
  65.0000   39.0000   78.0000   37.0000   30.0000 

partition[   5][   3] :
  16.0000   98.0000   15.0000   79.0000   40.0000 
  57.0000   20.0000   33.0000   70.0000   71.0000 
  85.0000   67.0000   14.0000   40.0000   47.0000 
  34.0000   77.0000   24.0000   41.0000   35.0000 
  54.0000   26.0000   6.00000   37.0000   93.0000 

partition[   5][   4] :
  42.0000   15.0000   61.0000   61.0000   11.0000 
  33.0000   28.0000   27.0000   5.00000   61.0000 
  49.0000   40.0000   96.0000   66.0000   63.0000 
  10.0000   24.0000   59.0000   30.0000   21.0000 
  63.0000   30.0000   63.0000   45.0000   10.0000 

partition[   5][   5] :
  13.0000   86.0000   13.0000   88.0000   84.0000 
  11.0000   82.0000   67.0000   7.00000   20.0000 
  7.00000   89.0000   88.0000   58.0000   37.0000 
  80.0000   70.0000   47.0000   44.0000   9.00000 
  8.00000   76.0000   29.0000   10.0000   17.0000 

partition[   5][   6] :
  52.0000   36.0000   53.0000   53.0000   11.0000 
  91.0000   22.0000   29.0000   99.0000   7.00000 
  16.0000   6.00000   83.0000   7.00000   11.0000 
  50.0000   1.00000   27.0000   21.0000   12.0000 
  1.00000   4.00000   37.0000   68.0000   3.00000 

partition[   6][   0] :
  61.0000   57.0000   84.0000   7.00000   7.00000 
  77.0000   26.0000   48.0000   76.0000   41.0000 
  30.0000   57.0000   52.0000   68.0000   26.0000 
  27.0000   63.0000   47.0000   33.0000   78.0000 
  23.0000   44.0000   70.0000   46.0000   57.0000 

partition[   6][   1] :
  94.0000   12.0000   47.0000   89.0000   92.0000 
  18.0000   73.0000   72.0000   44.0000   41.0000 
  23.0000   41.0000   62.0000   39.0000   88.0000 
  84.0000   99.0000   8.00000   29.0000   44.0000 
  18.0000   80.0000   66.0000   7.00000   83.0000 

partition[   6][   2] :
  96.0000   80.0000   1.00000   74.0000   32.0000 
  99.0000   22.0000   25.0000   9.00000   33.0000 
  43.0000   27.0000   80.0000   11.0000   38.0000 
  96.0000   83.0000   66.0000   14.0000   78.0000 
  75.0000   10.0000   44.0000   32.0000   28.0000 

partition[   6][   3] :
  24.0000   68.0000   75.0000   2.00000   39.0000 
  67.0000   77.0000   74.0000   87.0000   2.00000 
  78.0000   10.0000   23.0000   86.0000   65.0000 
  67.0000   31.0000   10.0000   54.0000   9.00000 
  5.00000   16.0000   44.0000   97.0000   27.0000 

partition[   6][   4] :
  11.0000   30.0000   93.0000   59.0000   66.0000 
  67.0000   81.0000   19.0000   8.00000   30.0000 
  53.0000   70.0000   77.0000   73.0000   14.0000 
  97.0000   34.0000   62.0000   30.0000   91.0000 
  38.0000   36.0000   46.0000   56.0000   4.00000 

partition[   6][   5] :
  20.0000   63.0000   65.0000   78.0000   2.00000 
  17.0000   92.0000   31.0000   14.0000   57.0000 
  52.0000   13.0000   62.0000   1.00000   30.0000 
  15.0000   96.0000   24.0000   43.0000   2.00000 
  14.0000   70.0000   89.0000   64.0000   90.0000 

partition[   6][   6] :
  9.00000   13.0000   21.0000   10.0000   63.0000 
  96.0000   21.0000   5.00000   48.0000   9.00000 
  61.0000   50.0000   3.00000   30.0000   22.0000 
  19.0000   4.00000   65.0000   30.0000   68.0000 
  40.0000   28.0000   64.0000   97.0000   75.0000 

B: partition[   0][   0] :
  27.0000   99.0000   33.0000   57.0000   98.0000 
  41.0000   74.0000   10.0000   2.00000   82.0000 
  34.0000   53.0000   99.0000   41.0000   86.0000 
  53.0000   52.0000   40.0000   80.0000   64.0000 
  26.0000   87.0000   60.0000   3.00000   28.0000 

partition[   0][   1] :
  41.0000   32.0000   94.0000   50.0000   19.0000 
  35.0000   7.00000   70.0000   55.0000   79.0000 
  63.0000   52.0000   73.0000   3.00000   91.0000 
  21.0000   59.0000   80.0000   85.0000   96.0000 
  86.0000   45.0000   40.0000   41.0000   82.0000 

partition[   0][   2] :
  8.00000   28.0000   50.0000   7.00000   96.0000 
  77.0000   82.0000   91.0000   11.0000   27.0000 
  14.0000   37.0000   38.0000   99.0000   84.0000 
  34.0000   36.0000   93.0000   10.0000   15.0000 
  46.0000   97.0000   53.0000   29.0000   47.0000 

partition[   0][   3] :
  91.0000   32.0000   46.0000   81.0000   34.0000 
  71.0000   42.0000   24.0000   71.0000   32.0000 
  59.0000   28.0000   46.0000   18.0000   41.0000 
  24.0000   59.0000   95.0000   84.0000   53.0000 
  29.0000   46.0000   27.0000   22.0000   59.0000 

partition[   0][   4] :
  27.0000   7.00000   50.0000   90.0000   39.0000 
  69.0000   9.00000   49.0000   99.0000   48.0000 
  12.0000   95.0000   38.0000   38.0000   3.00000 
  25.0000   98.0000   32.0000   47.0000   7.00000 
  65.0000   5.00000   52.0000   48.0000   95.0000 

partition[   0][   5] :
  57.0000   14.0000   97.0000   64.0000   69.0000 
  66.0000   93.0000   86.0000   59.0000   8.00000 
  67.0000   51.0000   76.0000   90.0000   35.0000 
  9.00000   28.0000   83.0000   69.0000   47.0000 
  82.0000   6.00000   70.0000   36.0000   1.00000 

partition[   0][   6] :
  8.00000   15.0000   25.0000   91.0000   52.0000 
  39.0000   25.0000   79.0000   7.00000   90.0000 
  17.0000   78.0000   14.0000   3.00000   86.0000 
  35.0000   73.0000   84.0000   55.0000   75.0000 
  17.0000   35.0000   3.00000   87.0000   53.0000 

partition[   1][   0] :
  21.0000   97.0000   88.0000   13.0000   21.0000 
  27.0000   97.0000   13.0000   65.0000   75.0000 
  59.0000   2.00000   66.0000   38.0000   22.0000 
  21.0000   18.0000   74.0000   52.0000   44.0000 
  86.0000   62.0000   90.0000   31.0000   41.0000 

partition[   1][   1] :
  5.00000   1.00000   94.0000   9.00000   16.0000 
  8.00000   6.00000   91.0000   22.0000   56.0000 
  12.0000   66.0000   41.0000   44.0000   52.0000 
  54.0000   31.0000   41.0000   89.0000   32.0000 
  82.0000   45.0000   57.0000   74.0000   51.0000 

partition[   1][   2] :
  35.0000   52.0000   3.00000   96.0000   39.0000 
  81.0000   73.0000   52.0000   81.0000   30.0000 
  6.00000   96.0000   30.0000   55.0000   62.0000 
  80.0000   87.0000   88.0000   45.0000   18.0000 
  78.0000   69.0000   41.0000   95.0000   52.0000 

partition[   1][   3] :
  23.0000   46.0000   10.0000   40.0000   82.0000 
  60.0000   80.0000   84.0000   7.00000   24.0000 
  37.0000   72.0000   62.0000   61.0000   8.00000 
  22.0000   6.00000   32.0000   37.0000   84.0000 
  94.0000   18.0000   26.0000   98.0000   7.00000 

partition[   1][   4] :
  90.0000   61.0000   37.0000   52.0000   86.0000 
  42.0000   45.0000   62.0000   35.0000   36.0000 
  32.0000   79.0000   28.0000   14.0000   27.0000 
  85.0000   63.0000   82.0000   18.0000   41.0000 
  39.0000   20.0000   53.0000   44.0000   97.0000 

partition[   1][   5] :
  42.0000   36.0000   94.0000   94.0000   76.0000 
  75.0000   54.0000   52.0000   50.0000   33.0000 
  51.0000   40.0000   37.0000   1.00000   48.0000 
  76.0000   48.0000   73.0000   88.0000   61.0000 
  71.0000   51.0000   51.0000   47.0000   75.0000 

partition[   1][   6] :
  30.0000   97.0000   54.0000   31.0000   5.00000 
  10.0000   21.0000   21.0000   46.0000   9.00000 
  84.0000   14.0000   17.0000   65.0000   26.0000 
  48.0000   96.0000   52.0000   5.00000   83.0000 
  18.0000   46.0000   7.00000   75.0000   10.0000 

partition[   2][   0] :
  57.0000   88.0000   53.0000   19.0000   9.00000 
  65.0000   73.0000   22.0000   65.0000   45.0000 
  80.0000   87.0000   95.0000   11.0000   10.0000 
  36.0000   34.0000   79.0000   83.0000   80.0000 
  67.0000   22.0000   74.0000   80.0000   78.0000 

partition[   2][   1] :
  84.0000   81.0000   9.00000   2.00000   17.0000 
  11.0000   2.00000   16.0000   66.0000   30.0000 
  9.00000   59.0000   3.00000   97.0000   5.00000 
  11.0000   15.0000   6.00000   54.0000   40.0000 
  86.0000   18.0000   85.0000   44.0000   12.0000 

partition[   2][   2] :
  23.0000   47.0000   41.0000   96.0000   66.0000 
  74.0000   35.0000   44.0000   68.0000   75.0000 
  71.0000   97.0000   99.0000   1.00000   5.00000 
  49.0000   36.0000   4.00000   9.00000   98.0000 
  24.0000   82.0000   95.0000   10.0000   24.0000 

partition[   2][   3] :
  13.0000   45.0000   55.0000   29.0000   51.0000 
  44.0000   1.00000   28.0000   46.0000   87.0000 
  66.0000   61.0000   71.0000   25.0000   1.00000 
  51.0000   78.0000   10.0000   77.0000   93.0000 
  26.0000   44.0000   15.0000   71.0000   37.0000 

partition[   2][   4] :
  69.0000   77.0000   53.0000   81.0000   13.0000 
  58.0000   46.0000   30.0000   1.00000   39.0000 
  18.0000   79.0000   58.0000   49.0000   3.00000 
  47.0000   80.0000   61.0000   62.0000   53.0000 
  95.0000   99.0000   67.0000   20.0000   67.0000 

partition[   2][   5] :
  4.00000   28.0000   70.0000   44.0000   56.0000 
  21.0000   97.0000   67.0000   15.0000   25.0000 
  71.0000   76.0000   18.0000   71.0000   44.0000 
  54.0000   85.0000   22.0000   64.0000   20.0000 
  74.0000   20.0000   92.0000   76.0000   89.0000 

partition[   2][   6] :
  20.0000   7.00000   17.0000   30.0000   13.0000 
  16.0000   49.0000   19.0000   64.0000   67.0000 
  52.0000   61.0000   78.0000   23.0000   55.0000 
  81.0000   94.0000   48.0000   92.0000   49.0000 
  10.0000   85.0000   99.0000   70.0000   3.00000 

partition[   3][   0] :
  78.0000   93.0000   56.0000   2.00000   62.0000 
  98.0000   68.0000   42.0000   79.0000   56.0000 
  38.0000   11.0000   61.0000   97.0000   25.0000 
  58.0000   37.0000   46.0000   52.0000   58.0000 
  59.0000   90.0000   12.0000   59.0000   52.0000 

partition[   3][   1] :
  89.0000   10.0000   57.0000   3.00000   1.00000 
  66.0000   8.00000   50.0000   90.0000   1.00000 
  27.0000   79.0000   5.00000   49.0000   23.0000 
  48.0000   43.0000   59.0000   56.0000   95.0000 
  4.00000   18.0000   20.0000   80.0000   86.0000 

partition[   3][   2] :
  45.0000   75.0000   57.0000   73.0000   43.0000 
  42.0000   56.0000   47.0000   59.0000   32.0000 
  76.0000   75.0000   79.0000   38.0000   72.0000 
  12.0000   48.0000   33.0000   29.0000   86.0000 
  74.0000   27.0000   52.0000   4.00000   35.0000 

partition[   3][   3] :
  72.0000   7.00000   93.0000   9.00000   84.0000 
  88.0000   57.0000   2.00000   99.0000   90.0000 
  12.0000   45.0000   20.0000   97.0000   41.0000 
  2.00000   79.0000   63.0000   93.0000   42.0000 
  5.00000   21.0000   29.0000   28.0000   25.0000 

partition[   3][   4] :
  54.0000   31.0000   66.0000   67.0000   7.00000 
  4.00000   84.0000   19.0000   76.0000   83.0000 
  18.0000   60.0000   7.00000   24.0000   97.0000 
  77.0000   85.0000   67.0000   73.0000   9.00000 
  67.0000   82.0000   36.0000   20.0000   38.0000 

partition[   3][   5] :
  1.00000   94.0000   13.0000   12.0000   33.0000 
  90.0000   10.0000   94.0000   7.00000   54.0000 
  12.0000   82.0000   10.0000   87.0000   39.0000 
  8.00000   16.0000   46.0000   47.0000   6.00000 
  79.0000   24.0000   69.0000   96.0000   21.0000 

partition[   3][   6] :
  25.0000   29.0000   23.0000   73.0000   82.0000 
  25.0000   54.0000   3.00000   93.0000   32.0000 
  77.0000   59.0000   42.0000   61.0000   59.0000 
  77.0000   92.0000   70.0000   53.0000   93.0000 
  55.0000   16.0000   7.00000   55.0000   72.0000 

partition[   4][   0] :
  86.0000   18.0000   57.0000   79.0000   10.0000 
  53.0000   95.0000   49.0000   96.0000   77.0000 
  6.00000   75.0000   15.0000   17.0000   86.0000 
  20.0000   66.0000   8.00000   31.0000   42.0000 
  87.0000   21.0000   84.0000   97.0000   51.0000 

partition[   4][   1] :
  64.0000   94.0000   88.0000   87.0000   55.0000 
  47.0000   49.0000   25.0000   34.0000   27.0000 
  72.0000   95.0000   27.0000   33.0000   19.0000 
  12.0000   61.0000   55.0000   48.0000   35.0000 
  13.0000   18.0000   6.00000   11.0000   55.0000 

partition[   4][   2] :
  61.0000   89.0000   38.0000   10.0000   80.0000 
  58.0000   22.0000   75.0000   50.0000   71.0000 
  40.0000   73.0000   76.0000   75.0000   72.0000 
  40.0000   12.0000   41.0000   26.0000   64.0000 
  30.0000   45.0000   86.0000   43.0000   89.0000 

partition[   4][   3] :
  74.0000   58.0000   41.0000   62.0000   75.0000 
  19.0000   15.0000   17.0000   69.0000   80.0000 
  74.0000   88.0000   95.0000   81.0000   41.0000 
  82.0000   2.00000   27.0000   67.0000   30.0000 
  78.0000   31.0000   94.0000   35.0000   19.0000 

partition[   4][   4] :
  56.0000   38.0000   27.0000   15.0000   27.0000 
  78.0000   9.00000   87.0000   93.0000   73.0000 
  6.00000   40.0000   78.0000   27.0000   90.0000 
  44.0000   15.0000   61.0000   7.00000   13.0000 
  36.0000   39.0000   1.00000   1.00000   69.0000 

partition[   4][   5] :
  33.0000   99.0000   94.0000   90.0000   88.0000 
  40.0000   57.0000   21.0000   77.0000   9.00000 
  69.0000   27.0000   94.0000   26.0000   48.0000 
  97.0000   1.00000   84.0000   54.0000   61.0000 
  84.0000   71.0000   27.0000   52.0000   38.0000 

partition[   4][   6] :
  73.0000   96.0000   92.0000   69.0000   29.0000 
  32.0000   14.0000   6.00000   31.0000   27.0000 
  50.0000   73.0000   88.0000   92.0000   61.0000 
  6.00000   30.0000   3.00000   46.0000   38.0000 
  88.0000   85.0000   73.0000   87.0000   83.0000 

partition[   5][   0] :
  24.0000   28.0000   13.0000   60.0000   69.0000 
  7.00000   3.00000   27.0000   73.0000   86.0000 
  89.0000   79.0000   51.0000   8.00000   96.0000 
  39.0000   26.0000   63.0000   28.0000   8.00000 
  4.00000   10.0000   33.0000   23.0000   73.0000 

partition[   5][   1] :
  85.0000   69.0000   57.0000   6.00000   51.0000 
  91.0000   43.0000   59.0000   32.0000   75.0000 
  84.0000   60.0000   59.0000   18.0000   74.0000 
  82.0000   71.0000   52.0000   98.0000   82.0000 
  9.00000   50.0000   95.0000   96.0000   98.0000 

partition[   5][   2] :
  56.0000   15.0000   91.0000   62.0000   6.00000 
  85.0000   78.0000   94.0000   29.0000   17.0000 
  96.0000   80.0000   69.0000   97.0000   89.0000 
  90.0000   67.0000   62.0000   91.0000   2.00000 
  92.0000   28.0000   66.0000   52.0000   37.0000 

partition[   5][   3] :
  4.00000   62.0000   91.0000   79.0000   20.0000 
  63.0000   59.0000   96.0000   67.0000   46.0000 
  83.0000   95.0000   63.0000   77.0000   5.00000 
  40.0000   80.0000   68.0000   27.0000   44.0000 
  9.00000   45.0000   66.0000   84.0000   14.0000 

partition[   5][   4] :
  54.0000   70.0000   35.0000   61.0000   67.0000 
  34.0000   35.0000   92.0000   25.0000   64.0000 
  89.0000   71.0000   60.0000   86.0000   80.0000 
  28.0000   20.0000   43.0000   55.0000   31.0000 
  40.0000   23.0000   50.0000   87.0000   86.0000 

partition[   5][   5] :
  92.0000   68.0000   88.0000   7.00000   19.0000 
  92.0000   36.0000   9.00000   8.00000   17.0000 
  27.0000   59.0000   87.0000   51.0000   29.0000 
  78.0000   64.0000   67.0000   27.0000   85.0000 
  19.0000   50.0000   66.0000   26.0000   80.0000 

partition[   5][   6] :
  11.0000   2.00000   72.0000   69.0000   46.0000 
  29.0000   34.0000   74.0000   40.0000   98.0000 
  71.0000   39.0000   98.0000   52.0000   12.0000 
  26.0000   43.0000   57.0000   53.0000   86.0000 
  16.0000   82.0000   49.0000   36.0000   29.0000 

partition[   6][   0] :
  68.0000   20.0000   54.0000   87.0000   29.0000 
  40.0000   41.0000   40.0000   89.0000   41.0000 
  2.00000   75.0000   73.0000   12.0000   17.0000 
  77.0000   31.0000   65.0000   17.0000   7.00000 
  31.0000   70.0000   53.0000   8.00000   53.0000 

partition[   6][   1] :
  55.0000   96.0000   27.0000   40.0000   16.0000 
  83.0000   56.0000   14.0000   27.0000   99.0000 
  47.0000   94.0000   50.0000   94.0000   81.0000 
  75.0000   70.0000   88.0000   15.0000   40.0000 
  30.0000   54.0000   30.0000   1.00000   48.0000 

partition[   6][   2] :
  43.0000   9.00000   58.0000   32.0000   17.0000 
  51.0000   43.0000   49.0000   55.0000   2.00000 
  33.0000   88.0000   82.0000   50.0000   54.0000 
  12.0000   21.0000   4.00000   71.0000   16.0000 
  7.00000   32.0000   85.0000   39.0000   21.0000 

partition[   6][   3] :
  85.0000   67.0000   3.00000   61.0000   27.0000 
  88.0000   4.00000   1.00000   76.0000   55.0000 
  82.0000   8.00000   42.0000   65.0000   43.0000 
  60.0000   9.00000   54.0000   3.00000   20.0000 
  85.0000   30.0000   38.0000   49.0000   64.0000 

partition[   6][   4] :
  1.00000   25.0000   58.0000   92.0000   3.00000 
  36.0000   57.0000   36.0000   54.0000   55.0000 
  96.0000   39.0000   78.0000   91.0000   37.0000 
  66.0000   69.0000   60.0000   89.0000   54.0000 
  70.0000   20.0000   3.00000   4.00000   27.0000 

partition[   6][   5] :
  91.0000   36.0000   6.00000   56.0000   55.0000 
  95.0000   86.0000   83.0000   79.0000   77.0000 
  79.0000   47.0000   44.0000   97.0000   73.0000 
  74.0000   75.0000   42.0000   1.00000   24.0000 
  78.0000   16.0000   35.0000   55.0000   1.00000 

partition[   6][   6] :
  49.0000   15.0000   98.0000   52.0000   72.0000 
  42.0000   68.0000   29.0000   95.0000   25.0000 
  21.0000   38.0000   49.0000   68.0000   73.0000 
  85.0000   78.0000   34.0000   30.0000   91.0000 
  56.0000   9.00000   6.00000   86.0000   26.0000 

C: partition[   0][   0] :
  84987.0   86039.0   89154.0   85069.0   86803.0 
  84315.0   88784.0   86739.0   81362.0   90727.0 
  90933.0   96029.0   90896.0   95973.0   96296.0 
  78357.0   95020.0   99139.0   74445.0   81229.0 
  72003.0   82942.0   79079.0   64514.0   71692.0 

partition[   0][   1] :
  68023.0   67050.0   77874.0   82780.0   75168.0 
  84607.0   86996.0   87461.0   87807.0   95078.0 
  82651.0   85828.0   87228.0   94563.0   88924.0 
  83748.0   89785.0   82684.0   83200.0   92530.0 
  75069.0   79396.0   82271.0   67495.0   80731.0 

partition[   0][   2] :
  81205.0   85185.0    104500   73388.0   75347.0 
  92108.0    103115    107315   80978.0   82359.0 
  93461.0    101595    112853   72212.0   91328.0 
  89457.0   99910.0    107268   92659.0   81807.0 
  76925.0   86450.0   85007.0   80863.0   72052.0 

partition[   0][   3] :
  80149.0   60081.0   72020.0   92739.0   73712.0 
   100516   83175.0   77800.0    106653   74599.0 
  94241.0   81014.0   83885.0    114314   78620.0 
  86838.0   70476.0   82192.0   99490.0   77867.0 
  79506.0   66697.0   77069.0   81833.0   63993.0 

partition[   0][   4] :
  77530.0   87235.0   74231.0   74547.0   75153.0 
  87568.0   83711.0   83550.0   87147.0   87284.0 
  88196.0   91409.0   91596.0   91366.0   94231.0 
  90333.0   85371.0   83498.0   84806.0   82722.0 
  81743.0   81459.0   76548.0   77018.0   74308.0 

partition[   0][   5] :
  91109.0   83029.0   94468.0   90413.0   73199.0 
   108475   92355.0    110815   88987.0   82824.0 
   108937   91308.0    106197   96805.0   78307.0 
  98448.0   88767.0   99000.0   95320.0   76917.0 
  93472.0   80968.0   98665.0   79917.0   72698.0 

partition[   0][   6] :
  62249.0   89366.0   72342.0   84819.0   84613.0 
  71057.0   88649.0   92334.0    106138   83364.0 
  78365.0   97166.0   88980.0    104268   96642.0 
  67636.0   87769.0   74912.0   94825.0   90264.0 
  65520.0   83010.0   73828.0   83354.0   77359.0 

partition[   1][   0] :
  91765.0    104221    102787   96269.0    110111 
  83508.0   90090.0   87132.0   77376.0   68324.0 
  89468.0   90734.0   85314.0   88040.0   87410.0 
  79483.0   88638.0   85767.0   73237.0   81387.0 
  84291.0    103986   84721.0   73706.0   90239.0 

partition[   1][   1] :
   102686   89190.0   94916.0   86936.0   92739.0 
  79623.0   87498.0   71422.0   83868.0   65616.0 
  90948.0   91206.0   80203.0   79079.0   94421.0 
  84156.0   71647.0   88106.0   70751.0   71521.0 
  81710.0   86792.0   88597.0   86684.0   88470.0 

partition[   1][   2] :
  95123.0    102427    123781   92081.0   93971.0 
  74094.0   92419.0   92391.0   78439.0   80961.0 
  89358.0   94601.0    106371   88849.0   79273.0 
  79897.0   95938.0   95765.0   81658.0   75015.0 
  88891.0   99241.0    103705   86773.0   91511.0 

partition[   1][   3] :
   109276   74086.0   91373.0    111764   92047.0 
  89758.0   70415.0   70489.0   94093.0   69599.0 
  99713.0   76403.0   82674.0    101900   75142.0 
  87202.0   68069.0   72702.0   91045.0   71824.0 
  96241.0   79431.0   89311.0    100751   75511.0 

partition[   1][   4] :
  97160.0   91607.0    101058   93768.0   92239.0 
  69178.0   77287.0   76177.0   79142.0   72343.0 
  81292.0   89426.0   80763.0   88129.0   88057.0 
  87971.0   69918.0   84714.0   83306.0   79074.0 
  87994.0   77373.0   86034.0   91439.0   85071.0 

partition[   1][   5] :
   122223   97456.0    111426    100113   81846.0 
  94762.0   74107.0   94472.0   85481.0   83375.0 
   113729   92238.0    105128   84808.0   73623.0 
  96974.0   77776.0   93224.0   81717.0   75097.0 
  99776.0   87265.0    107169   87082.0   80701.0 

partition[   1][   6] :
  71579.0   96040.0   88600.0    112977    111490 
  64465.0   74906.0   71035.0   96910.0   81503.0 
  77102.0   81768.0   82414.0    102456   96571.0 
  58188.0   71645.0   75902.0   90450.0   76363.0 
  72440.0   81915.0   79901.0    108333   91853.0 

partition[   2][   0] :
  83858.0   92187.0   91941.0   84972.0   81254.0 
  79129.0   92310.0   80252.0   75154.0   77092.0 
  83719.0    103319   92339.0   92571.0   95359.0 
  77436.0   85511.0   87352.0   73012.0   77552.0 
  78145.0   79809.0   80570.0   71422.0   76803.0 

partition[   2][   1] :
  82901.0   87727.0   84945.0   88474.0   89330.0 
  70620.0   78181.0   78568.0   86044.0   81684.0 
  93479.0   90339.0   91332.0   83983.0   87566.0 
  87140.0   79513.0   70972.0   66932.0   84238.0 
  89418.0   71266.0   66390.0   53282.0   71498.0 

partition[   2][   2] :
  87360.0   92420.0   97203.0   86485.0   81294.0 
  85157.0   93343.0   94344.0   74454.0   79419.0 
  84949.0   97621.0    106490   84737.0   88375.0 
  77667.0   88171.0    100510   85391.0   69187.0 
  70098.0   81523.0   89192.0   77636.0   71305.0 

partition[   2][   3] :
  91213.0   77890.0   74510.0    100962   81266.0 
  78517.0   71356.0   78180.0   92674.0   72584.0 
  96819.0   84013.0   82569.0    108762   84414.0 
  87580.0   64420.0   79065.0   85763.0   71719.0 
  76322.0   60631.0   71661.0   80641.0   70915.0 

partition[   2][   4] :
  84975.0   93585.0   82605.0   86815.0   76021.0 
  85263.0   87706.0   82532.0   80232.0   65355.0 
  88393.0   91967.0   92067.0   91762.0   82917.0 
  83304.0   75491.0   81566.0   85511.0   71431.0 
  81306.0   75704.0   72861.0   77676.0   79077.0 

partition[   2][   5] :
   105870   84827.0    109886   98095.0   86605.0 
  91635.0   84943.0   99134.0   87357.0   71558.0 
   112258   87859.0    120257    103217   88709.0 
   101008   80646.0   82196.0   78716.0   66722.0 
  86814.0   79758.0   84518.0   72566.0   59249.0 

partition[   2][   6] :
  69218.0   93487.0   81412.0   99708.0   86968.0 
  64506.0   79159.0   73693.0   87449.0   83792.0 
  66276.0   93409.0   88530.0    108932   86944.0 
  64661.0   70277.0   69794.0   89734.0   90135.0 
  65749.0   73876.0   65968.0   90298.0   77039.0 

partition[   3][   0] :
  68547.0   88616.0   72303.0   64739.0   76025.0 
  81466.0   83037.0   89916.0   80726.0   84908.0 
  85307.0   85651.0   92698.0   89580.0   90926.0 
  93645.0    102508   93920.0    103134    102475 
  85911.0   93531.0   91941.0   86048.0   89967.0 

partition[   3][   1] :
  64489.0   61960.0   70608.0   62211.0   74299.0 
  83850.0   89335.0   81109.0   87404.0   87762.0 
  89936.0   84822.0   90678.0   84555.0   89736.0 
  88369.0   92679.0   92197.0   86944.0   92292.0 
  90614.0   87866.0   92857.0   77821.0   95237.0 

partition[   3][   2] :
  70133.0   73690.0   85087.0   70683.0   68996.0 
  88562.0   99874.0    108754   75705.0   78239.0 
  86727.0   98231.0    103791   84632.0   77780.0 
  89342.0   95472.0    113006   87474.0   93385.0 
  91417.0   93251.0    100047   92679.0   79741.0 

partition[   3][   3] :
  76789.0   58662.0   67685.0   76547.0   57482.0 
  89625.0   73757.0   74935.0    102299   69282.0 
  84207.0   81970.0   87531.0    100474   80856.0 
  99773.0   79894.0   84698.0    116222   93990.0 
  88352.0   82172.0   81559.0    103231   82240.0 

partition[   3][   4] :
  68366.0   64367.0   67280.0   77112.0   68446.0 
  88456.0   84691.0   85359.0   84668.0   81329.0 
  83932.0   94521.0   89521.0   89374.0   86291.0 
  96143.0    103729   89616.0   91721.0   86003.0 
  85804.0   87907.0   86940.0    100985   87195.0 

partition[   3][   5] :
  86692.0   67783.0   84636.0   74516.0   57036.0 
  99788.0   91937.0    100777   95087.0   79940.0 
   103846   87076.0   98145.0   80530.0   77348.0 
   112510   97096.0    118798    101468   87434.0 
  98600.0   96458.0    103875   91885.0   75720.0 

partition[   3][   6] :
  50556.0   61452.0   54711.0   76407.0   70570.0 
  71034.0   91003.0   90939.0   94726.0   82386.0 
  72676.0   90437.0   77679.0    105332   95245.0 
  76683.0   93824.0   83839.0    117910   90566.0 
  74167.0   93283.0   86308.0   97045.0   93512.0 

partition[   4][   0] :
  82895.0    100657   88408.0   86495.0   93734.0 
   102308    112322    107861    104359   99784.0 
  81730.0   88067.0   87389.0   83190.0   88263.0 
  90936.0   89205.0   98640.0   93676.0   87709.0 
  85320.0   84194.0   85378.0   76389.0   88780.0 

partition[   4][   1] :
  80252.0   86414.0   88282.0   92564.0   78239.0 
   105325   98871.0    103984   95218.0   99284.0 
  94109.0   87720.0   85962.0   79766.0   80247.0 
  94359.0   98997.0   88601.0   81499.0   91897.0 
  86563.0   82602.0   94262.0   81829.0   84286.0 

partition[   4][   2] :
  97630.0   92275.0    108651   86743.0   80793.0 
   109041    112285    116318    114828   98257.0 
  87510.0    104463    108239   85841.0   78076.0 
  88567.0    102762    112257   94325.0   86879.0 
  77021.0   96346.0   98037.0   81358.0   75474.0 

partition[   4][   3] :
  85931.0   85307.0   82777.0    111070   74750.0 
   109067   86553.0   96186.0    110587    100505 
  87472.0   73926.0   76000.0   99115.0   77255.0 
  98328.0   80094.0   87743.0    104553   76989.0 
  95916.0   73797.0   79719.0   99445.0   67770.0 

partition[   4][   4] :
  82792.0   87343.0   91072.0   97186.0   89486.0 
   101787    108196    104435    102391   96664.0 
  86596.0   86962.0   88080.0   86569.0   91320.0 
  90628.0    100634   86654.0   86570.0   84278.0 
  77020.0   90279.0   81397.0   76782.0   79469.0 

partition[   4][   5] :
  95148.0   87428.0    103617   94337.0   83986.0 
   119550    107289    122690    108357   98787.0 
   107004   91626.0    101945   85719.0   72008.0 
   115122   93376.0    106656   96802.0   85106.0 
   102888   73037.0    103049   79640.0   76871.0 

partition[   4][   6] :
  64419.0   87508.0   90169.0   98659.0   82171.0 
  78986.0    110472   93496.0    113137    107751 
  68288.0   82540.0   80777.0   96534.0   91304.0 
  76800.0   88282.0   87143.0    105774   96440.0 
  67781.0   84929.0   74160.0   97880.0   84606.0 

partition[   5][   0] :
  82638.0   83788.0   88131.0   87874.0   95654.0 
  78814.0   76236.0   82963.0   68963.0   76815.0 
  91567.0    105019   94317.0   82060.0    100893 
  63501.0   77973.0   61597.0   59727.0   73998.0 
  68187.0   88720.0   71486.0   61976.0   72040.0 

partition[   5][   1] :
  84138.0   79255.0   93237.0    104339   92528.0 
  80219.0   72729.0   70078.0   62598.0   78817.0 
  90115.0   85075.0   95181.0   95334.0   90594.0 
  63412.0   57959.0   67671.0   65171.0   59316.0 
  66367.0   65680.0   75789.0   70312.0   70231.0 

partition[   5][   2] :
  92698.0    101863    104327   79357.0   81410.0 
  71582.0   82175.0   80181.0   75678.0   78041.0 
  91840.0    112958    115274   87960.0   93078.0 
  71061.0   77676.0   83200.0   63255.0   59256.0 
  71798.0   88979.0   80744.0   66874.0   69817.0 

partition[   5][   3] :
  94601.0   79437.0   79515.0    110475   81041.0 
  80038.0   64800.0   69970.0   79678.0   61350.0 
   103965   83042.0   97572.0    108370   77025.0 
  74817.0   65566.0   67509.0   77541.0   52974.0 
  72098.0   65555.0   76004.0   71430.0   63493.0 

partition[   5][   4] :
  82567.0   92912.0   93215.0   88457.0   81839.0 
  72766.0   79224.0   77661.0   81380.0   67743.0 
  86288.0   93744.0   94621.0   86199.0   85398.0 
  58676.0   65019.0   68071.0   70106.0   63606.0 
  74135.0   77787.0   78487.0   68195.0   64201.0 

partition[   5][   5] :
   109743   88016.0    109321   85330.0   84172.0 
  86791.0   77483.0   77667.0   74274.0   56968.0 
   105013   86529.0    112005   90593.0   85667.0 
  85791.0   66051.0   79258.0   60474.0   54236.0 
  84092.0   68049.0   86898.0   73752.0   60867.0 

partition[   5][   6] :
  69800.0   97347.0   84569.0   98451.0    102018 
  69381.0   74368.0   67604.0   78866.0   88941.0 
  68289.0   91082.0   88003.0    108055   97252.0 
  49120.0   57208.0   64175.0   74062.0   72762.0 
  58025.0   70551.0   61301.0   78562.0   75798.0 

partition[   6][   0] :
  75277.0   92467.0   88779.0   74697.0   86951.0 
  82151.0   82013.0   81761.0   86302.0   83047.0 
  80709.0   90551.0   76761.0   70038.0   82421.0 
  82059.0    101411   90085.0   74339.0   83338.0 
  77049.0   88958.0   87003.0   67510.0   83934.0 

partition[   6][   1] :
  80321.0   72213.0   73849.0   71942.0   72034.0 
  83595.0   79705.0   84152.0   73231.0   74999.0 
  76306.0   77522.0   76606.0   72184.0   76558.0 
  85602.0   74761.0   87074.0   73145.0   79365.0 
  84797.0   90573.0   90220.0   78379.0   96821.0 

partition[   6][   2] :
  83286.0   92383.0   93147.0   94191.0   88075.0 
  76451.0   89132.0   93677.0   78061.0   78805.0 
  77303.0   85612.0   92753.0   74319.0   74608.0 
  82838.0    105203    103347   85601.0   82065.0 
  83383.0   94637.0   94989.0   89245.0   80011.0 

partition[   6][   3] :
  88823.0   70029.0   71778.0   95869.0   80049.0 
  79344.0   75472.0   79240.0   94887.0   72727.0 
  80501.0   68352.0   76588.0   91446.0   62189.0 
  92207.0   74777.0   87590.0   85185.0   81378.0 
  87354.0   80428.0   84402.0   96014.0   62623.0 

partition[   6][   4] :
  79644.0   83066.0   77571.0   72618.0   86563.0 
  71772.0   82601.0   81770.0   88553.0   71440.0 
  75294.0   81187.0   81046.0   78570.0   66634.0 
  90756.0   81797.0   85424.0   76210.0   77873.0 
  84504.0   84642.0   86970.0   90548.0   78454.0 

partition[   6][   5] :
  96812.0   79858.0    102735   86487.0   75301.0 
  82303.0   75983.0   86921.0   77434.0   70060.0 
  85912.0   77015.0   92785.0   82457.0   66354.0 
  98102.0   85236.0    100320   88583.0   73530.0 
  95709.0   77969.0   95883.0   82537.0   71400.0 

partition[   6][   6] :
  64362.0   83426.0   67874.0   92071.0   82693.0 
  64497.0   76652.0   73341.0   87009.0   83775.0 
  63244.0   74939.0   72960.0   84271.0   78614.0 
  62868.0   87133.0   81524.0   94720.0   87255.0 
  69516.0   81864.0   74784.0   89229.0   84839.0 


SEQUENTIAL EXECUTION TIME: 2232354
PARALLEL EXECUTION TIME: 272177
SPEEDUP:    8.20
NUMBER OF PROCESSORS USED: 49
