test for 12*12 pixels:

Original image data (randomly generated):
 245  169   28  118  217  251  164   22  183    1  216  109 
 207  185  222   22  253  255    1  175  114  197   88   16 
 214   55  216  107   90  184   58   22   40  104   36  102 
  36  175   64    3  190  185   56  177  114  110  147  219 
 140    8  210   63  161    1   38  211  131    0  198  144 
 134  165   52    5   20  195  129  181  148  146   88  141 
  13   99   74  122   45   31   56  191  238  128  185  220 
 156  159   94  130  206  141  221    8  102    1  137   63 
 112  135   34  119   51   89  130  171  158  245   89   16 
 202   62   36  153  170  112   18  145  172   64  209  192 
  46  152  179  165  241    1   21  138  179  240  247    7 
 187  101   91  115   61   19  105  170   95   46   90  248 

Smoothed image data:
 245  169   28  118  217  251  164   22  183    1  216  109 
 207  171  124  141  166  163  125   86   95  108   96   16 
 214  152  116  129  143  141  123   84  117  105  113  102 
  36  124  100  122  109  107  103   94  101   97  117  219 
 140  109   82   85   91  108  130  131  135  120  132  144 
 134   99   88   83   71   75  114  147  152  140  138  141 
  13  105  100   83   99  116  128  141  127  130  123  220 
 156   97  107   97  103  107  115  141  138  142  120   63 
 112  110  102  110  130  126  115  125  118  130  112   16 
 202  106  115  127  122   92   91  125  168  178  145  192 
  46  117  117  134  115   83   81  115  138  149  149    7 
 187  101   91  115   61   19  105  170   95   46   90  248 


SEQUENTIAL EXECUTION TIME: 30620
PARALLEL EXECUTION TIME: 16521
SPEEDUP:    1.85
NUMBER OF PROCESSORS USED: 107



test for 23 * 23 pixels:
Original image data (randomly generated):
 159  126  252   15   10   14   63   47  149   40   74   28  204   47  159   72  244   18   66  167  125  129    1 
 125  150   74   57  177  176  230  194  129   24  168  223   21  250  177  178  113   94  245  227  170   19   58 
 115  169  132  216  125   45  138  133  207   57   31   76   87  113  113  181  133  133  250   90  218  134  250 
 250  248    8  167   18  251  163   33   97  161   31   56  185  140  245  163  214  245  222  201  118   71  160 
 251  206  255   45   19  119  180    4  186  103   79  211   68   86   46   36  131   14   91  153  200  212  195 
  22  252  154  115  140  175   97   36  116  147    8   33   73  122  160  213   47   49  237   14   70  122   53 
 113  170  113  128   53   52  212  216  241   53   61  235   44  119   21   56  187  219  105  181  137   94  210 
 217   23  104  250   68  131  235   15  204   72  160  213  134   77   22   55   71  118  160  104   54   32  135 
   4  126  175   66  209  105  118  243  144  179   24  154  206  123  138  228  158  178  113  176   68   18  246 
 181  144   81  145  139   66  242  172  220  118  105  156  184   42  140   64  238  117  196  206  163  111  164 
  17  200  101  133  121  213  145  177  117   13   44   83    5   97  225  103   23  126   24  255  128    6  229 
  69   66   28   35  171    0   67   74  190   84  124  208  167   36   23   18  181   50   91  163  241   17  191 
 248  253  154   73  199   33   41  208   19  202   91  165  115   59  219  255  171  225   44  182  180   63   39 
  78   65  104  177  198   39  138  216  199  164   41   80  178  233  193  216   91  175  219  109  193   74  193 
 235  163   29   91    7   63  160  233    4  230  125  203  186  126   35   57  162   54   76   71  178  254  194 
 189   71  111  124   25   59   37    3   15  123   99  225  227  139  198  122  155  247   79  236   34  220    5 
  58  211  209  244  126  248  234  236   55  142  167  182   27  224  213   72   78  120   85  134  145  218  199 
 222  255  132  230  232  133  214   12  111  210  254  127  129  234  248  101  104    9  109  130   77   20  164 
 202   37   52    1  130   86  164   23   38  138   12  228  224   70  155  212  193   18   76  121  255  128   71 
 111   23  205  108   82  205  255  231  154   69  222  120  255   96   44    1  205   28  199  150   15   57  169 
 227  196  241   75   41  106   67  203  169  191  178  185  141  190  137   49  101   17   19  175   45   72  200 
  94  147   59   97  118   58   26  208  100  150  154   91  186  130   25  216  169  234  241   71   58  170  188 
 202  141   47  137  230  150  250   46  153  222   72  234   90    2  231  179   35  231  109    5   57  116   87 

Smoothed image data:
 159  126  252   15   10   14   63   47  149   40   74   28  204   47  159   72  244   18   66  167  125  129    1 
 125  144  132  117   92  108  115  143  108   97   80  101  116  130  143  152  129  144  143  173  142  122   58 
 115  141  135  108  136  147  151  147  115  100   91   97  127  147  173  168  161  183  189  193  138  133  250 
 250  181  160  109  111  117  118  126  109  105   89   91  113  120  124  140  138  159  155  171  155  173  160 
 251  182  161  102  116  129  117  101   98  103   92   82  108  125  134  139  123  138  136  145  129  133  195 
  22  170  159  113   94  116  121  143  122  110  103   90  110   82   95   99  105  120  118  132  131  143   53 
 113  129  145  125  123  129  129  152  122  118  109  106  116   85   93   92  112  132  131  118   89  100  210 
 217  116  128  129  118  131  147  180  151  126  127  136  145   98   93  104  141  145  150  122   96  110  135 
   4  117  123  137  131  145  147  177  151  136  131  148  143  118   98  123  136  149  152  137  103  110  246 
 181  114  130  130  133  150  164  175  153  107   97  106  116  128  128  146  137  130  154  147  125  125  164 
  17   98  103  106  113  129  128  156  129  112  103  119  108  102   83  112  102  116  136  163  143  138  229 
  69  126  115  112  108  110  106  115  120   98  112  111  103  105  115  135  128  103  128  145  137  121  191 
 248  118  106  126  102   98   90  128  150  123  128  129  137  135  139  151  153  138  139  158  135  132   39 
  78  147  123  114   97   97  125  135  163  119  144  131  149  149  154  155  156  135  128  139  144  152  193 
 235  116  103   96   87   80  105  111  131  111  143  151  177  168  146  136  142  139  140  132  152  149  194 
 189  141  139  107  109  106  141  108  115  106  166  160  171  152  131  121  118  117  122  115  165  160    5 
  58  162  176  159  157  145  130  101  100  130  169  159  168  182  172  143  112  109  127  114  134  120  199 
 222  153  152  150  158  174  150  120  107  125  162  150  160  169  169  152  100   88   89  125  136  141  164 
 202  137  115  130  134  166  147  133  109  134  153  174  164  161  129  140   96  104   93  125  105  106   71 
 111  143  104  103   92  126  148  144  135  130  149  173  167  145  106  121   91   95   89  117  113  112  169 
 227  144  127  114   98  106  151  157  163  154  151  170  154  133   98  105  113  134  126  108   90  108  200 
  94  150  126  116  112  116  123  135  160  154  164  147  138  125  128  126  136  128  122   86   85  110  188 
 202  141   47  137  230  150  250   46  153  222   72  234   90    2  231  179   35  231  109    5   57  116   87 

SEQUENTIAL EXECUTION TIME: 120413
PARALLEL EXECUTION TIME: 57584
SPEEDUP:    2.09
NUMBER OF PROCESSORS USED: 313



