random array: 
Row    0: 
  37.00
  52.00  90.00  23.00  70.00  40.00  82.00  37.00
  42.00  23.00  55.00  35.00  86.00  90.00  73.00
  80.00  89.00  39.00  91.00  87.00  12.00  33.00
  29.00  81.00  72.00  24.00  1.000  66.00  51.00
  31.00  8.000  45.00  94.00  57.00  45.00  22.00
  90.00  58.00  87.00  75.00  8.000  59.00  78.00
  86.00  21.00  70.00  89.00  48.00  15.00  93.00
  90.00  92.00  98.00  29.00  55.00  50.00  14.00
  92.00  68.00  43.00  84.00  36.00  67.00  36.00
  5.000  41.00
Row    1: 
  53.00
  24.00  10.00  84.00  38.00  59.00  1.000  24.00
  70.00  87.00  28.00  98.00  17.00  39.00  48.00
  49.00  21.00  43.00  96.00  40.00  65.00  2.000
  5.000  1.000 0.0000  3.000  28.00  85.00  25.00
  99.00  59.00  59.00  79.00  61.00  19.00  10.00
  14.00  79.00  11.00  35.00  36.00  87.00  6.000
  29.00  20.00  67.00  77.00  36.00  66.00  83.00
  40.00  90.00  54.00  63.00  89.00  15.00  30.00
  50.00  36.00  82.00  47.00  83.00  18.00  1.000
  54.00  5.000
Row    2: 
  82.00
  1.000  58.00  30.00  16.00  62.00  99.00  92.00
  82.00  17.00  17.00  56.00  96.00  3.000  29.00
  56.00  96.00  92.00  17.00  43.00  73.00  93.00
  63.00  67.00  79.00  62.00  42.00  31.00  54.00
  42.00  82.00  76.00  78.00  35.00  36.00  55.00
  68.00  95.00  72.00  25.00  54.00  36.00  72.00
  30.00  26.00  47.00  36.00  6.000  91.00  2.000
  1.000  32.00  96.00  63.00  86.00  95.00  72.00
  2.000  82.00  34.00  79.00  77.00  58.00  27.00
  55.00  59.00
Row    3: 
  32.00
  76.00  93.00  51.00  13.00  11.00  52.00  73.00
  82.00  23.00  7.000  28.00  5.000  20.00  54.00
  78.00  22.00  60.00  55.00  90.00  37.00  77.00
  42.00  73.00  58.00  56.00  38.00  47.00  16.00
  41.00  9.000  7.000  11.00  18.00  30.00  63.00
  76.00  17.00  70.00  27.00  53.00  38.00  73.00
  36.00  8.000  75.00  2.000  32.00  11.00  80.00
  94.00  51.00  80.00  73.00  32.00  38.00  62.00
  10.00  54.00  69.00  8.000  81.00  73.00  7.000
  19.00  72.00
Row    4: 
  53.00
  22.00  18.00  81.00  87.00  80.00  87.00  48.00
  30.00  41.00  66.00  76.00  2.000  57.00  39.00
  10.00  8.000  2.000  80.00  33.00  81.00  50.00
  85.00  3.000  56.00  7.000  9.000  22.00  15.00
  35.00  83.00  94.00  99.00  93.00  82.00  52.00
  27.00 0.0000  4.000  47.00  47.00  53.00  47.00
  33.00  71.00  88.00  13.00  47.00  57.00  1.000
  87.00  72.00  12.00  48.00  77.00  7.000  37.00
  52.00  49.00  85.00  16.00  52.00  81.00  83.00
  64.00  85.00
Row    5: 
  10.00
  86.00  40.00  10.00  52.00  62.00  42.00  66.00
  40.00  34.00  44.00  28.00  65.00  31.00  47.00
  52.00  84.00  30.00  56.00  85.00  97.00  6.000
  8.000  6.000  70.00  53.00  66.00  29.00  1.000
  38.00  93.00  75.00  38.00  30.00  83.00  97.00
  80.00  76.00  33.00  55.00  90.00  95.00  18.00
  82.00  6.000  75.00  33.00  98.00  91.00  27.00
  3.000  93.00  30.00  23.00  34.00  6.000  90.00
  58.00  78.00  17.00  48.00  23.00  74.00  46.00
  54.00  70.00
Row    6: 
  92.00
  29.00  67.00  60.00  34.00  36.00  1.000  24.00
  18.00  89.00  30.00  28.00  74.00  15.00  40.00
  40.00  36.00  66.00  20.00  18.00  78.00  33.00
  42.00  66.00  89.00  19.00  70.00  74.00  1.000
  63.00  13.00  28.00  12.00  33.00  45.00  59.00
  13.00  96.00  89.00  85.00  51.00  15.00  39.00
  16.00  14.00  79.00  62.00  77.00  96.00  39.00
 0.0000  60.00  33.00  95.00  71.00  43.00  62.00
  18.00  47.00  9.000  45.00  11.00  82.00  67.00
  27.00  1.000
Row    7: 
  46.00
  77.00  5.000  14.00  96.00  94.00  65.00  72.00
  37.00  93.00  23.00  3.000  15.00  91.00  36.00
  24.00  79.00  46.00  56.00  41.00  15.00  46.00
  90.00  8.000  43.00  89.00  5.000  24.00  53.00
  83.00  83.00  99.00  86.00  9.000  31.00  5.000
  96.00  46.00  88.00  15.00  46.00  49.00  12.00
  22.00  78.00  41.00  18.00  5.000  13.00  20.00
  64.00  24.00  1.000  37.00  41.00  12.00  2.000
  19.00  1.000  7.000  32.00  60.00  67.00  48.00
  60.00  31.00
Row    8: 
  37.00
  44.00  31.00  97.00  20.00  69.00  56.00  25.00
  72.00  47.00  75.00  85.00  48.00  24.00  32.00
  47.00  88.00  77.00  25.00  63.00  76.00  30.00
  31.00  69.00  79.00  9.000  59.00  46.00  56.00
  17.00  36.00  69.00  43.00  28.00  15.00  20.00
  32.00  12.00  32.00  9.000  5.000  76.00  67.00
  97.00  22.00  4.000  54.00  90.00  35.00  77.00
 0.0000  44.00  98.00  29.00  14.00  12.00  98.00
  11.00  77.00  55.00  24.00  52.00  29.00  41.00
  84.00  56.00
Row    9: 
  26.00
  70.00  67.00  22.00  38.00  41.00 0.0000  1.000
  42.00  73.00  4.000  93.00  71.00  88.00  36.00
  93.00  56.00  31.00  73.00  71.00  63.00  59.00
  58.00  90.00  12.00  88.00  48.00  58.00  48.00
  8.000  32.00  67.00  18.00  29.00  64.00  71.00
  11.00  90.00  49.00  29.00  59.00  92.00  55.00
 0.0000  13.00  44.00  8.000  85.00  83.00 0.0000
  13.00  70.00  8.000  53.00 0.0000 0.0000  60.00
  74.00  86.00  98.00  22.00  76.00  99.00  21.00
  17.00  13.00
Row   10: 
  8.000
  56.00  36.00  40.00  66.00  74.00  53.00  49.00
  59.00  54.00  12.00  97.00  38.00  15.00  56.00
  54.00  48.00  6.000  62.00  22.00  58.00  99.00
  60.00  47.00  44.00  84.00  85.00  34.00  68.00
  36.00  84.00  38.00  8.000  2.000  16.00  62.00
  81.00  76.00  36.00  95.00  2.000  50.00  50.00
  49.00  1.000  25.00  63.00  83.00  44.00  43.00
  44.00  84.00  21.00  35.00  36.00  57.00  78.00
  11.00  29.00  45.00  3.000  45.00  56.00  44.00
  42.00  34.00
Row   11: 
  94.00
  76.00  8.000  70.00  72.00  8.000  43.00  27.00
  91.00  84.00  66.00  51.00  3.000  70.00  26.00
  78.00  97.00  63.00  59.00  25.00  8.000  14.00
  68.00  60.00  44.00  24.00  15.00  1.000  80.00
  5.000  23.00  97.00  92.00  1.000  96.00  61.00
  89.00  73.00  68.00  39.00  65.00  59.00  26.00
  16.00  48.00  23.00  86.00  97.00  58.00  63.00
  28.00  90.00  55.00  88.00  17.00  23.00  96.00
  74.00  6.000  23.00  51.00  80.00  53.00  48.00
  53.00  87.00
Row   12: 
  90.00
  81.00  36.00  16.00  60.00  65.00  57.00  75.00
  67.00  46.00  18.00  31.00  2.000  12.00  77.00
  15.00  6.000  69.00  8.000  10.00  74.00  54.00
  50.00  93.00  75.00  63.00  19.00  82.00  49.00
  5.000  92.00  72.00  85.00  56.00  53.00  23.00
  16.00  99.00  72.00  64.00  31.00  51.00  57.00
  73.00  62.00  32.00  9.000  16.00  88.00  63.00
  94.00  19.00  77.00  41.00  38.00  84.00  74.00
  83.00  89.00  40.00  48.00  66.00  89.00  82.00
  59.00  60.00
Row   13: 
  38.00
  66.00  6.000  62.00  25.00  52.00  24.00  51.00
  12.00  90.00  43.00  79.00  30.00  82.00  19.00
  87.00  94.00  91.00 0.0000  39.00  79.00  29.00
  40.00  93.00  89.00  81.00  98.00  18.00  42.00
  99.00  86.00  72.00  51.00  72.00  37.00  67.00
  61.00  8.000  50.00  68.00 0.0000  91.00  21.00
  36.00  4.000  50.00  47.00  27.00  54.00  81.00
  37.00  67.00  92.00  60.00  79.00  44.00  14.00
  80.00  1.000  59.00  59.00  35.00  88.00 0.0000
  42.00  36.00
Row   14: 
  78.00
  97.00  12.00  69.00  98.00  99.00  6.000  59.00
  35.00  33.00  57.00  3.000  98.00  42.00  98.00
  24.00  57.00  62.00  31.00  91.00  5.000  31.00
  28.00  8.000  47.00  21.00  94.00  9.000  14.00
  46.00  17.00  60.00  40.00  60.00  1.000  63.00
  94.00  92.00  19.00  81.00  15.00  90.00  36.00
  96.00  82.00  88.00  37.00  41.00  52.00  21.00
  74.00  85.00  68.00  72.00  65.00  31.00  73.00
  26.00  25.00  38.00  42.00  23.00  71.00  14.00
  32.00  70.00
Row   15: 
  77.00
  6.000  46.00  66.00  95.00  43.00  86.00  61.00
  79.00  10.00  49.00  74.00  3.000  88.00  92.00
  86.00  65.00  21.00  84.00  98.00  24.00  32.00
  93.00  20.00  21.00  19.00  63.00  69.00  4.000
  91.00  1.000  70.00  10.00  25.00  90.00  76.00
  94.00  86.00  29.00  17.00  17.00  11.00  23.00
  82.00  80.00  96.00  49.00  43.00  18.00  85.00
  5.000  61.00  9.000 0.0000  91.00  91.00  77.00
  29.00  42.00  83.00  22.00  38.00  62.00  40.00
  27.00  7.000
Row   16: 
  23.00
  19.00  46.00  99.00  77.00  68.00  40.00  48.00
  3.000  55.00  46.00  52.00  97.00  99.00  81.00
  56.00  57.00  2.000  55.00  15.00  70.00  99.00
  58.00  1.000  49.00  31.00  55.00  80.00  45.00
  18.00  86.00  9.000  80.00  40.00  5.000  97.00
  79.00  86.00  67.00  48.00  67.00  24.00  71.00
  25.00  76.00  37.00  24.00  91.00  26.00  7.000
  93.00  54.00  12.00  91.00  81.00  5.000  19.00
  70.00  81.00  22.00  15.00  52.00  52.00  77.00
  30.00  71.00
Row   17: 
  93.00
  4.000  55.00  78.00  46.00  74.00  70.00  39.00
  85.00  25.00  63.00  96.00  17.00  34.00  80.00
  27.00  39.00  82.00  65.00  7.000  3.000  30.00
  32.00  36.00  59.00  23.00  25.00  24.00  42.00
  54.00  38.00  36.00  20.00  2.000  68.00  52.00
  33.00  12.00  74.00  70.00  76.00  49.00  49.00
  18.00  83.00  74.00  62.00  59.00  5.000  47.00
  86.00  49.00  9.000  96.00  82.00  71.00  49.00
  65.00  66.00  16.00  23.00  73.00  27.00  9.000
  64.00  15.00
Row   18: 
  77.00
  20.00  8.000  67.00  80.00  94.00  11.00  59.00
  34.00  54.00  49.00  66.00  5.000  45.00  91.00
  27.00  96.00  96.00  32.00  4.000  27.00  42.00
  56.00  81.00  52.00  98.00  11.00  66.00  93.00
  27.00  43.00  49.00  76.00  75.00  50.00  75.00
  74.00  71.00  77.00  1.000  56.00  70.00  41.00
  96.00  24.00  85.00  37.00  75.00  95.00  63.00
  36.00  34.00  13.00  80.00  66.00  59.00  80.00
  33.00  13.00  10.00  8.000  30.00  98.00  58.00
  86.00  12.00
Row   19: 
  48.00
  78.00  16.00  30.00  32.00  72.00  56.00  5.000
  27.00  91.00  63.00  58.00  18.00  19.00  40.00
  59.00  39.00  78.00  18.00  49.00  92.00  13.00
  61.00 0.0000  69.00  56.00  6.000  28.00  69.00
  8.000  71.00  84.00  70.00  77.00  89.00  30.00
  12.00  44.00  48.00  23.00  43.00  41.00  30.00
  75.00  74.00  53.00  45.00  62.00  23.00  92.00
  88.00  1.000  87.00  42.00  18.00  24.00  7.000
  74.00  78.00  65.00  11.00  58.00  5.000  35.00
  65.00  31.00
Row   20: 
  38.00
  61.00  33.00  92.00  33.00  46.00  61.00  55.00
  24.00  9.000  22.00  51.00  51.00  8.000  71.00
  15.00  65.00  82.00  89.00  77.00  46.00  50.00
  75.00  82.00  60.00  12.00  80.00  38.00  7.000
  48.00  36.00  15.00  1.000  13.00  57.00  10.00
  76.00  30.00  6.000  34.00  2.000  60.00  76.00
  82.00  60.00  77.00  43.00  65.00  74.00  10.00
  90.00  12.00  44.00  29.00  91.00  1.000  26.00
  22.00  59.00  71.00  84.00  75.00  96.00  14.00
  62.00  79.00
Row   21: 
  63.00
  9.000  48.00  83.00  40.00  94.00  8.000  6.000
  6.000  41.00  70.00  73.00  56.00  74.00  41.00
  4.000  62.00  35.00  82.00  99.00  34.00  79.00
  15.00  48.00  83.00  84.00  65.00  96.00  31.00
  63.00  72.00  75.00  7.000  45.00  98.00  44.00
 0.0000  65.00  37.00  74.00  2.000  30.00  54.00
  91.00  2.000  19.00  9.000  98.00  77.00  36.00
  90.00  94.00  38.00  33.00  52.00  41.00  92.00
  25.00  71.00  51.00  24.00  8.000  93.00  44.00
  17.00  2.000
Row   22: 
  99.00
  95.00  62.00  63.00  24.00  36.00  51.00  87.00
  19.00  77.00  99.00  92.00  2.000  89.00  62.00
  11.00  34.00  49.00  6.000  73.00  83.00  98.00
  69.00  38.00  68.00  39.00  34.00  33.00  21.00
  46.00  38.00  77.00  18.00  54.00  45.00  5.000
  51.00  89.00  97.00  68.00  7.000  23.00  72.00
  57.00  98.00  16.00  39.00  76.00  86.00  38.00
  57.00  24.00  44.00  40.00  53.00  9.000  26.00
  76.00  23.00  24.00  91.00  51.00  30.00  90.00
  64.00  49.00
Row   23: 
  49.00
  67.00  32.00  79.00  84.00  28.00  9.000  73.00
  51.00  56.00  87.00  4.000  84.00  93.00  16.00
  48.00  57.00  80.00  5.000  85.00  54.00  80.00
  91.00  78.00  60.00  69.00  22.00  60.00  19.00
  3.000  50.00  18.00  75.00  15.00  40.00  29.00
  5.000  81.00  4.000  16.00  6.000  37.00  52.00
  24.00  25.00  70.00  89.00  33.00  56.00  34.00
  13.00  94.00  69.00  72.00  13.00  38.00  87.00
  86.00  83.00  63.00  86.00  65.00  58.00  78.00
  70.00  16.00
Row   24: 
  42.00
  49.00  34.00  92.00  62.00  32.00 0.0000  18.00
  30.00  79.00  44.00  45.00  72.00  59.00  78.00
  38.00  13.00  32.00  2.000  9.000  92.00  37.00
  57.00  73.00  46.00  20.00  34.00  99.00  48.00
  52.00  30.00  67.00  62.00  45.00  28.00  9.000
  22.00  35.00  53.00  35.00  95.00  23.00  30.00
  64.00  44.00  81.00  82.00  11.00  11.00  98.00
  38.00  81.00  9.000  17.00  29.00  53.00  17.00
  73.00  87.00  46.00  91.00  46.00  88.00  3.000
  86.00  23.00
Row   25: 
  30.00
  30.00  28.00  52.00  4.000  64.00  47.00  77.00
  80.00  46.00  28.00  30.00  70.00  92.00 0.0000
  13.00  65.00  59.00  36.00  82.00  57.00  49.00
  68.00  77.00  48.00  98.00  25.00  56.00  6.000
  89.00  31.00  98.00  12.00  16.00  67.00  29.00
  16.00  73.00  35.00  70.00  19.00  81.00  64.00
  11.00  57.00  7.000  49.00  25.00  82.00  11.00
  37.00  65.00  23.00  98.00  60.00  35.00  44.00
  18.00  78.00  80.00  97.00  1.000  24.00  38.00
  29.00  41.00
Row   26: 
  21.00
  25.00  52.00  42.00  58.00  40.00  68.00  16.00
  31.00  1.000  63.00  43.00  62.00  51.00  25.00
  42.00  88.00  55.00  26.00  6.000  81.00  88.00
  95.00  34.00  63.00  62.00  91.00  76.00  75.00
  30.00  12.00  92.00  46.00  93.00  47.00  21.00
  22.00  30.00  87.00  78.00  90.00  37.00  51.00
  2.000  82.00  10.00  66.00  38.00  98.00  42.00
  79.00  60.00  38.00  22.00  7.000  72.00  9.000
  31.00  47.00  55.00  46.00  76.00  69.00  6.000
  90.00  31.00
Row   27: 
  22.00
  80.00  55.00  89.00  99.00  79.00  8.000  14.00
  44.00  23.00  10.00  22.00  61.00  85.00  94.00
  17.00  15.00  95.00  71.00  57.00  22.00 0.0000
  48.00  18.00  25.00  65.00  80.00  13.00  46.00
  28.00  81.00  45.00  90.00  45.00  9.000  51.00
  59.00  30.00  11.00  41.00  33.00  48.00  26.00
  11.00  82.00  11.00  36.00  96.00  45.00  38.00
  96.00  88.00  91.00  19.00  31.00  15.00  70.00
  95.00  39.00  35.00  89.00  48.00  23.00  59.00
  34.00  89.00
Row   28: 
  28.00
  75.00  43.00  53.00  79.00  78.00  55.00  79.00
  30.00  79.00  31.00  55.00  68.00  20.00  67.00
  8.000  93.00  22.00  78.00  12.00  73.00  8.000
  64.00  94.00  66.00  11.00  79.00  58.00  24.00
  68.00  29.00  37.00  38.00  66.00  89.00  65.00
  87.00  25.00  25.00  45.00  14.00  3.000  83.00
  13.00  46.00  92.00  16.00  13.00  30.00  24.00
  68.00  39.00  68.00  91.00  82.00  49.00  45.00
  46.00 0.0000  59.00  50.00  51.00  40.00  11.00
  4.000  8.000
Row   29: 
  71.00
  97.00  73.00  15.00  33.00  67.00  38.00  3.000
  81.00  74.00  10.00  78.00  62.00  16.00  64.00
  4.000  8.000  87.00  7.000  65.00  97.00  18.00
  58.00  44.00  85.00  24.00  48.00  40.00  35.00
  91.00  89.00  54.00  38.00  75.00  66.00  13.00
  50.00  94.00  82.00  74.00  19.00  2.000  65.00
  79.00  40.00  93.00  53.00  96.00  22.00  60.00
  13.00  54.00  32.00  49.00  39.00  17.00  32.00
  46.00  81.00  82.00  15.00  5.000  1.000  4.000
  12.00  25.00
Row   30: 
  3.000
  29.00  74.00  75.00  87.00  61.00  64.00  37.00
  55.00  3.000  38.00  72.00  66.00  24.00  35.00
  88.00  3.000  48.00  68.00  89.00  30.00  29.00
  64.00  53.00  5.000  92.00  74.00  21.00  90.00
  23.00  73.00  39.00  34.00  74.00  27.00  49.00
  99.00  29.00  3.000  10.00  11.00  87.00 0.0000
  99.00  21.00  54.00  53.00  5.000  59.00  33.00
  86.00  44.00  15.00  12.00  96.00  18.00  45.00
  33.00  61.00  2.000  50.00  86.00  39.00 0.0000
  48.00  93.00
Row   31: 
  65.00
  77.00  77.00  83.00  46.00  53.00  43.00  94.00
  57.00  68.00  18.00  20.00  23.00  59.00  25.00
  41.00  77.00  64.00  67.00  79.00  76.00  58.00
  92.00  15.00  15.00  81.00  32.00  58.00  98.00
  66.00  60.00  45.00  70.00  23.00  75.00  58.00
 0.0000  12.00  83.00  75.00  86.00  98.00  1.000
  53.00  24.00  32.00  92.00  60.00  22.00  42.00
  10.00  91.00  84.00  77.00  86.00  94.00  97.00
  27.00  24.00  11.00  55.00  28.00  9.000  74.00
  41.00  21.00
Row   32: 
  81.00
  90.00  68.00  86.00  71.00  37.00  96.00  51.00
  9.000 0.0000  4.000  99.00  36.00  27.00  71.00
  23.00  14.00  7.000  45.00  64.00  70.00  61.00
  20.00  64.00  20.00  67.00  93.00  23.00  93.00
  78.00  85.00  40.00  45.00  53.00  78.00  55.00
  58.00  65.00  27.00  3.000  17.00  58.00  10.00
  3.000  96.00  78.00  5.000  51.00  14.00  23.00
  85.00  86.00  49.00  20.00  19.00  47.00  77.00
  22.00  48.00  76.00  12.00  88.00  71.00  4.000
  99.00  91.00
Row   33: 
  76.00
  78.00  33.00  16.00  2.000  91.00  15.00  3.000
  92.00  98.00  46.00  48.00  41.00  19.00  86.00
  85.00  63.00  49.00  49.00  5.000 0.0000  29.00
  67.00  75.00  50.00  29.00  62.00  7.000  73.00
  75.00  89.00  92.00  87.00  97.00  78.00  7.000
  73.00  69.00  32.00  36.00  92.00  33.00  88.00
  98.00  32.00  91.00  55.00  43.00  49.00  77.00
  42.00  71.00  93.00  4.000  42.00  88.00  76.00
  40.00  32.00  26.00  85.00  88.00  72.00  17.00
  21.00  27.00
Row   34: 
  71.00
  50.00  78.00  23.00  91.00  37.00  32.00  42.00
  54.00  4.000  75.00  11.00  76.00  48.00  68.00
  56.00  46.00  38.00  65.00  63.00  87.00  85.00
  45.00  93.00  54.00  64.00  78.00  67.00  62.00
  10.00  33.00  91.00  48.00  64.00  92.00  27.00
  83.00  98.00  64.00  73.00  24.00  35.00  65.00
  69.00  43.00  8.000  61.00  25.00  28.00  45.00
  4.000  22.00  79.00  25.00  75.00  25.00  13.00
  20.00  4.000  20.00  26.00  89.00  17.00  61.00
  25.00  32.00
Row   35: 
  39.00
  53.00  52.00  14.00  86.00  4.000  61.00  91.00
  99.00  46.00  19.00  4.000  77.00  67.00  51.00
  97.00  10.00  37.00 0.0000  25.00  51.00  97.00
  1.000  90.00  61.00  61.00  80.00  78.00  30.00
  85.00  42.00  48.00  15.00  41.00  11.00  25.00
  87.00  99.00  3.000  92.00  19.00  78.00  62.00
  6.000  83.00  54.00  73.00  24.00  23.00  96.00
  83.00  9.000  37.00  20.00  63.00  75.00  41.00
  49.00 0.0000  91.00  20.00  99.00  75.00  37.00
  76.00  25.00
Row   36: 
  93.00
  26.00  71.00  3.000  68.00  9.000  84.00  9.000
  92.00  72.00  18.00  60.00 0.0000  72.00  76.00
  78.00  7.000  42.00  47.00  84.00  28.00  17.00
  2.000  73.00  81.00  68.00  6.000  12.00  25.00
  57.00  9.000  69.00  64.00  66.00  45.00  60.00
  13.00  53.00  16.00  19.00  47.00  87.00  47.00
  99.00  56.00  74.00  51.00  88.00  91.00  35.00
  20.00  54.00  17.00  28.00  73.00  20.00  78.00
  94.00  89.00  84.00  83.00  97.00  79.00  31.00
  69.00  42.00
Row   37: 
  85.00
  29.00  19.00  90.00  20.00  26.00  38.00  59.00
  50.00  84.00  81.00  55.00  79.00  25.00  27.00
  48.00  42.00  42.00  45.00  22.00  90.00  12.00
  38.00  89.00  30.00  24.00  33.00  20.00  69.00
  2.000  74.00  20.00  63.00  32.00  80.00  85.00
  37.00  93.00  41.00  28.00  24.00  53.00  18.00
  31.00  7.000  52.00  16.00  60.00  19.00  13.00
  33.00 0.0000  30.00  24.00  16.00  95.00  14.00
  14.00  59.00  86.00  19.00  65.00  59.00  39.00
  69.00  67.00
Row   38: 
  56.00
  73.00  75.00 0.0000  80.00  29.00  53.00  64.00
  71.00  70.00  93.00  17.00  81.00  98.00  4.000
  19.00  87.00  52.00  52.00  87.00  35.00  81.00
  76.00  82.00  34.00  83.00  85.00  78.00  10.00
  35.00  89.00  72.00  1.000  66.00  6.000  75.00
  23.00  12.00  1.000  19.00  94.00  84.00  72.00
  73.00  35.00  40.00  50.00  55.00  26.00  44.00
 0.0000  55.00  66.00  93.00  90.00  92.00  57.00
  62.00  28.00  96.00  45.00  30.00  37.00  58.00
  75.00  81.00
Row   39: 
  39.00
  6.000  94.00  8.000  57.00  17.00  52.00  80.00
  29.00  98.00  85.00  83.00  85.00  51.00  12.00
  86.00  31.00  80.00  99.00  92.00  27.00  35.00
  86.00 0.0000  85.00  57.00  48.00  84.00  41.00
  84.00  6.000  22.00  13.00  13.00  69.00  84.00
  34.00  96.00  7.000  30.00  66.00  49.00  47.00
  41.00  17.00  50.00  50.00  94.00  84.00  40.00
  64.00  85.00  54.00  11.00  59.00  96.00  73.00
  65.00  56.00  60.00  85.00  14.00  68.00  1.000
  61.00  73.00
Row   40: 
  38.00
  13.00  54.00  21.00  25.00  36.00  60.00  26.00
  80.00  29.00  92.00  48.00  93.00  15.00  90.00
  14.00  88.00  66.00  5.000  19.00  68.00  28.00
  50.00  49.00  72.00  41.00  36.00  78.00  70.00
  21.00  31.00  9.000  78.00  1.000  54.00  70.00
  8.000  14.00  93.00  71.00  71.00  19.00  93.00
  37.00  9.000  3.000  29.00  17.00  51.00  90.00
  91.00  40.00  90.00  10.00  69.00  2.000  68.00
  28.00  87.00  31.00  85.00  50.00  75.00  3.000
  14.00  59.00
Row   41: 
  33.00
  90.00  66.00  16.00  43.00  97.00  92.00  56.00
  90.00  61.00  4.000  65.00  39.00  26.00  51.00
  74.00  68.00  58.00  23.00  43.00  48.00  71.00
  82.00  32.00  90.00  91.00  22.00  19.00  72.00
  63.00  8.000  19.00  11.00  63.00  13.00  68.00
  83.00  13.00  96.00  34.00  60.00  6.000  98.00
  50.00  75.00  32.00  17.00  37.00  47.00  83.00
  40.00  99.00  87.00  88.00  66.00  78.00  62.00
  64.00  9.000  94.00  2.000  92.00  85.00  80.00
  62.00  16.00
Row   42: 
  17.00
  75.00  29.00  84.00  20.00  83.00  63.00  9.000
  38.00  80.00  11.00  41.00  39.00  56.00  9.000
  85.00  71.00  1.000  74.00  34.00  88.00  85.00
  33.00  72.00  43.00  24.00  8.000  44.00  59.00
  23.00  5.000  49.00  21.00  96.00  16.00  22.00
  56.00  97.00  51.00  1.000  38.00  48.00  62.00
  3.000  34.00  4.000  15.00  23.00  75.00  54.00
  34.00  86.00  22.00  52.00  3.000  17.00  39.00
  37.00  59.00  71.00  22.00  10.00  58.00  66.00
  23.00  94.00
Row   43: 
  25.00
  80.00  47.00  26.00  66.00  66.00  57.00  43.00
  19.00  32.00  39.00  80.00  27.00  3.000  5.000
  99.00  58.00  69.00  64.00  78.00  58.00  28.00
  40.00  60.00  23.00  71.00  40.00  55.00  11.00
  15.00  93.00  14.00  69.00  3.000  14.00  12.00
  86.00  38.00  2.000  83.00  57.00  61.00  95.00
  78.00  89.00  86.00  81.00  55.00  84.00  98.00
 0.0000  4.000  64.00  17.00  96.00  56.00  60.00
  63.00  40.00  93.00  1.000  55.00  2.000  29.00
 0.0000  33.00
Row   44: 
  53.00
  50.00  28.00  76.00  46.00  21.00  89.00  9.000
  83.00  45.00  40.00  3.000  71.00  7.000  43.00
  66.00  9.000  39.00  37.00  42.00  16.00  90.00
  52.00  91.00  84.00  74.00  25.00  56.00  33.00
  67.00  64.00  63.00  72.00  30.00  77.00  59.00
  24.00  58.00  92.00  77.00  89.00  48.00  67.00
  71.00  76.00  83.00  2.000  23.00  74.00  8.000
  52.00  53.00  76.00  97.00  33.00  77.00  61.00
  48.00  48.00  69.00  65.00  25.00  46.00  76.00
  56.00  20.00
Row   45: 
  17.00
  14.00  67.00  44.00  4.000  13.00  80.00  79.00
  8.000  64.00  66.00  2.000  48.00  75.00  43.00
  6.000  55.00  45.00  67.00  97.00  9.000  7.000
  73.00  19.00  84.00  47.00  19.00  78.00  65.00
  77.00  55.00  29.00  45.00  92.00  37.00  99.00
  39.00  80.00  9.000  24.00  53.00  97.00  5.000
  78.00  84.00  44.00  4.000  40.00  93.00  76.00
  78.00  27.00  3.000  12.00  38.00  87.00  51.00
  33.00  72.00  24.00  22.00  77.00  85.00  29.00
  71.00  80.00
Row   46: 
  10.00
  64.00  78.00  52.00  32.00  9.000  69.00  57.00
  79.00  56.00  97.00  61.00  92.00  95.00  49.00
  69.00  81.00  86.00  58.00  62.00  31.00  14.00
  75.00  22.00  32.00  86.00  37.00  58.00  75.00
  92.00  36.00  81.00  64.00  44.00  90.00  60.00
  9.000  98.00  27.00  45.00  72.00  22.00  79.00
  17.00  62.00  23.00  80.00  54.00  2.000  26.00
  89.00  80.00  11.00  86.00  33.00  4.000  57.00
  53.00  28.00  43.00  3.000  9.000  57.00  38.00
  10.00  90.00
Row   47: 
  40.00
  63.00  21.00  38.00  9.000  43.00  89.00  13.00
  18.00  65.00  46.00  82.00  60.00  24.00  41.00
  45.00  72.00  76.00  52.00  20.00  86.00  97.00
  57.00  89.00  26.00  93.00  17.00  51.00  7.000
  8.000  1.000  77.00  1.000  71.00  1.000  62.00
  89.00  57.00  2.000  60.00  77.00  54.00  55.00
  73.00  96.00  91.00  59.00  6.000  44.00  7.000
  17.00  74.00  25.00  97.00  20.00  21.00  9.000
  83.00  15.00  29.00  73.00  86.00  78.00  12.00
  66.00  94.00
Row   48: 
  83.00
  89.00  63.00  97.00  23.00  14.00  1.000  83.00
  28.00  37.00  53.00  95.00  8.000  23.00  63.00
  69.00  42.00  32.00  36.00  32.00  4.000  93.00
  30.00  36.00  50.00  51.00  98.00  66.00  43.00
  17.00  12.00  61.00  59.00  90.00  2.000  83.00
  35.00  46.00  86.00  85.00  19.00  98.00  8.000
  52.00  51.00  92.00  21.00  52.00  27.00  46.00
  37.00  78.00  4.000  37.00  2.000  66.00  23.00
  31.00  27.00  57.00  39.00  30.00  84.00  66.00
  82.00  14.00
Row   49: 
  60.00
  33.00  83.00  41.00  10.00  6.000  64.00  75.00
  72.00  18.00  89.00  69.00  1.000  18.00  68.00
  43.00  97.00  11.00  12.00  67.00  20.00  74.00
  48.00  44.00  48.00  61.00  40.00  83.00  45.00
  9.000  8.000  82.00  24.00  42.00  96.00  63.00
  28.00  15.00  46.00  56.00  51.00  35.00  88.00
  78.00  67.00  39.00  67.00  36.00  39.00  78.00
  27.00  67.00  83.00  95.00  92.00  69.00  77.00
  40.00  39.00  96.00  14.00  24.00  6.000  69.00
  21.00  7.000
Row   50: 
  44.00
  34.00  76.00  7.000  23.00  86.00  14.00  69.00
  10.00  39.00  90.00  50.00  25.00  45.00  48.00
  34.00  22.00  7.000  52.00  41.00  34.00  30.00
  68.00  50.00  9.000  93.00  8.000  85.00  12.00
  95.00  98.00  44.00  10.00  90.00  84.00  39.00
  61.00  24.00  42.00  24.00  37.00  44.00  44.00
  33.00  1.000  32.00  71.00  59.00  48.00  28.00
  16.00  15.00  10.00  28.00  78.00  3.000  97.00
  53.00  21.00  57.00  63.00  31.00  50.00  75.00
  21.00  26.00
Row   51: 
  67.00
  28.00  8.000  43.00  63.00  93.00  65.00  31.00
  63.00  23.00  69.00  66.00  79.00  24.00  40.00
  12.00  62.00  32.00  28.00  2.000  67.00  88.00
  53.00  84.00  47.00  14.00  44.00  37.00  26.00
  69.00  90.00  48.00  29.00  87.00  29.00  14.00
  39.00  54.00  32.00  72.00  57.00  71.00  33.00
  83.00  45.00  40.00  44.00  55.00  13.00  9.000
  1.000  69.00  34.00  42.00  41.00  48.00  6.000
  38.00  64.00  93.00  84.00  14.00  89.00  28.00
  13.00  40.00
Row   52: 
  75.00
  8.000  59.00  85.00  21.00  94.00  48.00  26.00
  47.00  8.000  64.00  68.00  35.00  45.00  85.00
  6.000  72.00  18.00  16.00  21.00  70.00  94.00
  6.000  18.00  65.00  44.00  40.00  98.00  3.000
  99.00  54.00  22.00  89.00  8.000  5.000  36.00
  23.00  12.00  53.00  22.00  52.00  62.00  45.00
  90.00  8.000  52.00  23.00  33.00  77.00  23.00
  51.00  23.00  77.00  98.00  37.00  74.00  78.00
  74.00  66.00  61.00  83.00  56.00  84.00  91.00
  44.00  25.00
Row   53: 
  36.00
  67.00  18.00  78.00  52.00  82.00  84.00  64.00
  76.00  43.00  41.00  42.00  98.00  95.00  85.00
  54.00  76.00  49.00  37.00  91.00  51.00  20.00
  24.00  58.00  6.000  2.000  9.000  47.00  27.00
  58.00  57.00  2.000  10.00  67.00  41.00  91.00
  71.00  62.00  22.00  35.00  69.00  45.00  61.00
  74.00  29.00  9.000  86.00  53.00  44.00  57.00
  72.00  27.00  14.00  27.00  66.00  85.00  47.00
  39.00  27.00  30.00  65.00  73.00  97.00  28.00
  73.00  24.00
Row   54: 
  59.00
  38.00  27.00  3.000  56.00  17.00  24.00  43.00
  48.00  35.00  80.00  16.00  56.00  43.00  52.00
  2.000  7.000  7.000  78.00  39.00  62.00  3.000
  19.00  27.00  3.000  57.00  67.00  10.00  12.00
  16.00  28.00  24.00  16.00  86.00  75.00  51.00
  40.00  26.00 0.0000  76.00  46.00  10.00  70.00
  64.00  33.00  80.00  30.00  16.00  12.00  61.00
  49.00  21.00  38.00  24.00  93.00  32.00  58.00
  87.00  3.000  85.00  70.00  95.00  61.00  96.00
  30.00  53.00
Row   55: 
  66.00
  22.00  75.00  41.00  89.00  26.00  35.00  31.00
  96.00  15.00  27.00  27.00  44.00  49.00  32.00
  10.00  71.00  91.00  5.000  6.000  99.00  20.00
  25.00  54.00  93.00  93.00  27.00  19.00  84.00
  2.000  52.00  57.00  72.00  57.00  29.00  44.00
  13.00  68.00  98.00  46.00  4.000  20.00  97.00
  91.00  9.000  8.000  52.00  54.00  78.00  13.00
  19.00  1.000  94.00  31.00  3.000  49.00  95.00
  46.00  6.000  62.00  62.00  55.00  13.00  25.00
  89.00  73.00
Row   56: 
  67.00
  53.00  71.00  24.00  6.000  75.00  2.000  1.000
  14.00  84.00  10.00  5.000  31.00  43.00  65.00
  16.00  39.00  45.00  65.00  37.00  46.00  21.00
  38.00  95.00  81.00  54.00  51.00  83.00  74.00
  51.00  12.00  79.00  61.00  20.00  6.000  46.00
  63.00  14.00  56.00  45.00  36.00  46.00  37.00
  97.00  24.00  88.00  58.00  14.00  93.00  31.00
  47.00  20.00  60.00  23.00  79.00  98.00  23.00
  60.00  2.000  45.00  77.00  12.00  23.00  80.00
  54.00  83.00
Row   57: 
  22.00
  79.00  36.00  17.00  53.00 0.0000  74.00  33.00
  15.00  34.00  56.00  91.00  33.00  54.00  94.00
  89.00  39.00  7.000  80.00  7.000  40.00  96.00
  80.00  27.00  70.00  18.00  7.000  40.00  95.00
  64.00  89.00  83.00  34.00  22.00  16.00  38.00
  18.00  68.00  22.00  68.00  36.00  97.00  66.00
  67.00  42.00  14.00  10.00  17.00  26.00  83.00
  27.00  80.00  66.00  7.000  65.00  29.00  1.000
  18.00  75.00  37.00  77.00  73.00  47.00  88.00
  66.00  39.00
Row   58: 
  41.00
  87.00  62.00  89.00  71.00  51.00  89.00  31.00
  14.00  24.00  41.00  73.00  20.00  59.00  50.00
  55.00  78.00  68.00  88.00  91.00  82.00  56.00
  88.00  72.00  75.00  54.00  22.00  26.00  69.00
  60.00  48.00  68.00  84.00  22.00  81.00  23.00
  90.00  79.00  8.000  55.00  53.00  3.000  19.00
  63.00  35.00  59.00  29.00  99.00  72.00  26.00
  47.00  39.00  80.00  1.000  38.00  99.00  38.00
  57.00  14.00  60.00  66.00  15.00  53.00  88.00
  20.00  68.00
Row   59: 
  77.00
  49.00  92.00  82.00  53.00 0.0000  36.00  28.00
  62.00  30.00  76.00  26.00  26.00  43.00  55.00
  81.00  14.00  77.00  21.00  41.00  57.00  14.00
  74.00  38.00  60.00  22.00  30.00  6.000  34.00
  48.00  69.00  21.00  92.00  70.00  85.00  1.000
  57.00  12.00  12.00  27.00  11.00  75.00  16.00
  95.00  88.00  94.00  76.00  65.00  50.00  85.00
  29.00  96.00  57.00  38.00  58.00  56.00  12.00
  33.00  98.00  17.00  92.00 0.0000  69.00  47.00
  89.00  74.00
Row   60: 
  98.00
  42.00  3.000  29.00  78.00  46.00  86.00  39.00
  80.00  84.00  17.00  94.00  47.00  37.00  23.00
  29.00  98.00  27.00  88.00  92.00  15.00  38.00
  58.00  4.000  68.00  86.00  47.00  49.00  13.00
  24.00  65.00  62.00  3.000  12.00  45.00  67.00
  32.00  91.00  10.00  53.00  71.00  29.00  22.00
  59.00 0.0000  15.00  53.00  16.00  74.00  9.000
  18.00  8.000  68.00  23.00  63.00  92.00  21.00
  35.00  92.00  97.00  31.00  65.00  36.00  14.00
  23.00  65.00
Row   61: 
  84.00
  5.000  84.00  47.00  86.00  53.00  22.00  72.00
  39.00  50.00  18.00  90.00  99.00  19.00  67.00
  92.00  52.00  41.00  51.00  77.00  18.00  32.00
  56.00  1.000  37.00  15.00  85.00  99.00  56.00
  86.00  32.00  65.00  66.00  36.00  25.00  91.00
  55.00  83.00  35.00  64.00  22.00  97.00  93.00
  78.00  48.00  68.00  47.00  56.00  75.00  39.00
  19.00  62.00  35.00  52.00  42.00  26.00  19.00
  71.00  83.00  94.00  21.00  76.00  34.00  39.00
  29.00  99.00
Row   62: 
  24.00
  24.00  85.00  79.00  68.00  5.000  60.00  37.00
  90.00  53.00  24.00  33.00  57.00  11.00  90.00
  99.00  43.00  91.00  55.00  59.00  77.00  2.000
  58.00  79.00  99.00  59.00  97.00  78.00  60.00
  79.00  40.00  41.00  90.00  54.00  62.00  15.00
  53.00  36.00  95.00  62.00  90.00  79.00  63.00
  6.000  8.000  26.00  16.00  9.000  32.00  71.00
  13.00  32.00  45.00  30.00  1.000  97.00  35.00
  51.00  12.00  74.00  22.00  86.00  20.00  31.00
  95.00  23.00
Row   63: 
  89.00
  94.00  2.000  56.00  42.00  71.00 0.0000  72.00
  60.00  34.00  84.00  24.00  40.00  59.00  24.00
  37.00  99.00  94.00  27.00  44.00  91.00  59.00
  55.00  2.000  68.00  55.00  48.00  19.00  65.00
  40.00  57.00  97.00  62.00  53.00  35.00  80.00
  70.00  51.00  86.00  61.00  3.000  44.00  71.00
  86.00  10.00  91.00  7.000  47.00  69.00  53.00
  84.00  90.00  68.00  15.00  17.00  48.00  57.00
  35.00  18.00  80.00  11.00  34.00  77.00  76.00
 0.0000  5.000
Row   64: 
  92.00
  11.00  35.00  68.00  51.00  35.00  46.00  17.00
  6.000 0.0000  26.00  28.00  25.00  28.00  96.00
  39.00  3.000  49.00  10.00  90.00  40.00  24.00
  79.00  27.00  11.00  33.00  69.00  75.00  55.00
  4.000  82.00  58.00  99.00  65.00  72.00  17.00
  62.00  99.00  58.00  28.00  40.00  27.00  47.00
  48.00  9.000  33.00  22.00  62.00  96.00  99.00
  42.00  20.00  41.00  69.00  7.000  39.00  93.00
  19.00  96.00  79.00  53.00  54.00  24.00  6.000
  78.00  88.00
Row   65: 
  28.00
  55.00  49.00  1.000  32.00  47.00  65.00  20.00
  59.00  70.00  74.00  14.00  26.00  78.00  76.00
  45.00  37.00  78.00  44.00  67.00  79.00  55.00
  79.00  54.00  98.00  23.00  96.00  92.00  53.00
  25.00  3.000  98.00  37.00  43.00  80.00  9.000
  92.00  93.00  43.00  94.00  2.000  3.000  13.00
  85.00  88.00  63.00  54.00  82.00  50.00  67.00
  67.00  8.000  66.00  2.000  96.00  94.00  46.00
  17.00  29.00  24.00  57.00  19.00  34.00  16.00
  34.00  96.00

completed array: 
Row    0: 
  37.00
  52.00  90.00  23.00  70.00  40.00  82.00  37.00
  42.00  23.00  55.00  35.00  86.00  90.00  73.00
  80.00  89.00  39.00  91.00  87.00  12.00  33.00
  29.00  81.00  72.00  24.00  1.000  66.00  51.00
  31.00  8.000  45.00  94.00  57.00  45.00  22.00
  90.00  58.00  87.00  75.00  8.000  59.00  78.00
  86.00  21.00  70.00  89.00  48.00  15.00  93.00
  90.00  92.00  98.00  29.00  55.00  50.00  14.00
  92.00  68.00  43.00  84.00  36.00  67.00  36.00
  5.000  41.00
Row    1: 
  53.00
  57.45  63.47  48.95  56.20  52.08  58.99  47.97
  45.23  41.91  50.56  52.83  69.26  74.74  72.27
  73.26  72.58  61.17  69.91  64.49  42.24  41.92
  44.40  57.99  54.73  38.85  32.21  47.16  45.42
  38.54  34.47  47.92  63.25  56.31  50.58  47.83
  65.00  63.02  68.46  62.02  45.41  56.85  65.43
  66.11  51.91  62.44  67.36  56.25  50.44  71.59
  77.27  78.21  74.06  53.87  53.77  50.64  45.33
  64.02  61.29  55.52  61.67  50.82  52.52  40.42
  24.58  5.000
Row    2: 
  82.00
  61.33  57.49  53.13  53.79  53.12  53.89  50.68
  49.04  48.85  52.51  56.48  63.49  67.43  68.08
  68.19  66.89  63.20  63.00  58.79  50.57  48.04
  48.67  51.83  50.09  44.44  41.83  45.03  44.98
  43.26  43.42  48.95  54.78  54.43  53.16  53.76
  59.14  60.61  61.82  59.19  54.78  57.55  60.77
  61.08  58.09  60.47  61.78  59.18  58.92  65.67
  69.26  69.53  66.16  58.64  55.59  53.45  52.67
  57.46  57.63  56.13  56.35  53.09  51.82  48.58
  47.91  59.00
Row    3: 
  32.00
  48.39  52.04  52.27  52.70  52.74  52.76  51.83
  51.38  51.95  54.13  57.10  60.79  63.39  64.44
  64.53  63.60  61.73  60.08  57.12  53.20  51.01
  50.41  50.59  49.35  46.99  45.66  46.12  46.22
  46.11  47.00  49.69  52.47  53.46  53.86  54.93
  57.18  58.47  58.99  58.15  56.99  57.78  59.01
  59.37  58.90  59.59  60.09  59.77  60.39  62.91
  64.58  64.48  62.42  58.93  56.48  54.91  54.44
  55.53  55.63  55.02  54.50  53.36  53.11  54.19
  59.46  72.00
Row    4: 
  53.00
  48.19  50.00  51.23  51.99  52.38  52.57  52.52
  52.69  53.45  54.97  56.99  59.20  60.90  61.77
  61.87  61.25  60.02  58.49  56.41  54.09  52.38
  51.39  50.74  49.75  48.51  47.70  47.58  47.66
  47.95  48.80  50.34  51.97  53.07  53.91  54.91
  56.18  57.10  57.54  57.43  57.23  57.58  58.14
  58.46  58.56  58.90  59.22  59.41  59.96  61.00
  61.65  61.39  60.11  58.19  56.49  55.27  54.65
  54.59  54.34  53.83  53.26  52.74  53.07  55.59
  63.74  85.00
Row    5: 
  10.00
  41.36  48.53  50.67  51.64  52.23  52.64  52.96
  53.42  54.18  55.31  56.70  58.11  59.23  59.86
  59.95  59.51  58.63  57.43  55.95  54.37  53.04
  52.03  51.22  50.40  49.60  49.04  48.84  48.90
  49.23  49.89  50.89  51.98  52.94  53.78  54.64
  55.51  56.21  56.64  56.81  56.92  57.18  57.51
  57.78  57.98  58.22  58.47  58.71  59.05  59.48
  59.65  59.32  58.45  57.23  56.01  55.02  54.31
  53.83  53.32  52.69  51.98  51.26  50.84  51.37
  54.91  70.00
Row    6: 
  92.00
  58.73  52.10  51.27  51.67  52.25  52.79  53.29
  53.84  54.53  55.40  56.37  57.32  58.06  58.49
  58.54  58.22  57.56  56.66  55.57  54.42  53.37
  52.48  51.71  51.03  50.43  50.02  49.84  49.89
  50.16  50.66  51.36  52.15  52.91  53.65  54.35
  55.02  55.58  55.99  56.25  56.47  56.70  56.95
  57.16  57.36  57.54  57.72  57.89  58.07  58.20
  58.14  57.79  57.13  56.25  55.33  54.48  53.74
  53.09  52.42  51.64  50.70  49.47  47.67  44.15
  34.51  1.000
Row    7: 
  46.00
  49.45  49.88  50.64  51.53  52.32  52.98  53.55
  54.11  54.72  55.38  56.08  56.72  57.22  57.49
  57.50  57.25  56.75  56.06  55.25  54.37  53.54
  52.79  52.13  51.56  51.10  50.77  50.62  50.65
  50.86  51.23  51.74  52.32  52.93  53.53  54.11
  54.64  55.11  55.47  55.76  55.99  56.20  56.40
  56.58  56.74  56.87  56.99  57.08  57.12  57.10
  56.94  56.58  56.03  55.33  54.57  53.82  53.09
  52.38  51.63  50.76  49.69  48.27  46.22  43.05
  37.99  31.00
Row    8: 
  37.00
  43.19  47.33  49.88  51.48  52.52  53.26  53.83
  54.34  54.84  55.34  55.83  56.27  56.59  56.76
  56.73  56.52  56.13  55.60  54.97  54.30  53.63
  53.01  52.46  51.99  51.61  51.35  51.22  51.24
  51.38  51.66  52.04  52.48  52.96  53.44  53.90
  54.34  54.72  55.05  55.31  55.53  55.72  55.89
  56.02  56.14  56.22  56.28  56.29  56.26  56.14
  55.92  55.56  55.07  54.47  53.81  53.12  52.43
  51.71  50.95  50.08  49.03  47.69  45.91  43.82
  43.39  56.00
Row    9: 
  26.00
  38.97  46.38  50.08  51.97  53.03  53.70  54.18
  54.58  54.96  55.31  55.65  55.93  56.13  56.21
  56.16  55.97  55.66  55.23  54.74  54.20  53.67
  53.17  52.71  52.32  52.01  51.79  51.68  51.68
  51.79  51.99  52.27  52.61  52.98  53.36  53.74
  54.08  54.41  54.67  54.91  55.10  55.26  55.39
  55.50  55.56  55.61  55.61  55.57  55.47  55.30
  55.04  54.68  54.22  53.68  53.08  52.44  51.78
  51.10  50.37  49.59  48.68  47.54  45.90  42.93
  35.77  13.00
Row   10: 
  8.000
  40.32  49.14  52.08  53.30  53.93  54.32  54.61
  54.86  55.08  55.31  55.51  55.67  55.77  55.80
  55.72  55.55  55.28  54.95  54.54  54.12  53.68
  53.28  52.90  52.58  52.31  52.13  52.03  52.02
  52.09  52.24  52.44  52.71  52.99  53.29  53.58
  53.87  54.12  54.35  54.54  54.70  54.83  54.93
  54.99  55.03  55.02  54.98  54.89  54.75  54.54
  54.26  53.89  53.45  52.94  52.38  51.78  51.16
  50.51  49.87  49.21  48.55  47.89  47.21  46.25
  43.75  34.00
Row   11: 
  94.00
  65.16  57.78  55.79  55.23  55.07  55.05  55.08
  55.14  55.23  55.32  55.41  55.48  55.51  55.48
  55.39  55.22  55.00  54.71  54.39  54.03  53.68
  53.34  53.03  52.76  52.55  52.39  52.30  52.27
  52.32  52.42  52.58  52.77  52.99  53.22  53.46
  53.67  53.88  54.06  54.21  54.33  54.43  54.49
  54.53  54.52  54.49  54.40  54.28  54.10  53.86
  53.56  53.19  52.75  52.26  51.72  51.14  50.55
  49.95  49.36  48.83  48.42  48.28  48.80  51.10
  58.97  87.00
Row   12: 
  90.00
  68.53  61.04  58.07  56.75  56.08  55.72  55.52
  55.41  55.35  55.34  55.33  55.32  55.29  55.23
  55.11  54.96  54.76  54.52  54.24  53.96  53.66
  53.38  53.12  52.90  52.71  52.58  52.49  52.47
  52.48  52.56  52.67  52.81  52.97  53.15  53.33
  53.50  53.65  53.80  53.91  54.00  54.06  54.09
  54.09  54.06  53.98  53.87  53.71  53.51  53.24
  52.93  52.54  52.11  51.62  51.09  50.53  49.95
  49.36  48.81  48.33  48.01  48.01  48.62  50.37
  54.05  60.00
Row   13: 
  38.00
  57.93  59.78  58.72  57.60  56.78  56.23  55.86
  55.62  55.45  55.34  55.26  55.19  55.11  55.01
  54.90  54.74  54.56  54.35  54.12  53.88  53.64
  53.40  53.19  52.99  52.84  52.71  52.64  52.60
  52.61  52.65  52.73  52.83  52.95  53.08  53.22
  53.34  53.46  53.55  53.64  53.69  53.72  53.72
  53.69  53.62  53.53  53.38  53.20  52.97  52.69
  52.35  51.96  51.52  51.03  50.50  49.93  49.34
  48.75  48.18  47.67  47.29  47.13  47.30  47.69
  46.87  36.00
Row   14: 
  78.00
  65.41  61.41  59.43  58.14  57.22  56.56  56.09
  55.75  55.50  55.32  55.17  55.06  54.95  54.83
  54.70  54.56  54.39  54.21  54.01  53.81  53.59
  53.40  53.21  53.06  52.91  52.81  52.73  52.70
  52.69  52.72  52.76  52.84  52.91  53.01  53.10
  53.19  53.27  53.34  53.38  53.41  53.40  53.38
  53.32  53.23  53.10  52.94  52.73  52.48  52.18
  51.83  51.43  50.98  50.48  49.94  49.35  48.75
  48.11  47.49  46.88  46.34  45.92  45.74  46.24
  49.75  70.00
Row   15: 
  77.00
  64.29  61.03  59.46  58.31  57.41  56.71  56.18
  55.77  55.48  55.25  55.07  54.92  54.79  54.66
  54.53  54.39  54.24  54.07  53.91  53.73  53.56
  53.38  53.23  53.08  52.97  52.87  52.81  52.76
  52.75  52.75  52.78  52.82  52.88  52.93  53.00
  53.05  53.10  53.13  53.15  53.14  53.12  53.06
  52.99  52.87  52.73  52.54  52.31  52.04  51.73
  51.36  50.95  50.48  49.98  49.41  48.81  48.16
  47.48  46.77  46.03  45.27  44.47  43.51  41.78
  35.87  7.000
Row   16: 
  23.00
  53.72  58.97  59.06  58.24  57.39  56.69  56.13
  55.71  55.38  55.13  54.93  54.77  54.63  54.50
  54.37  54.24  54.10  53.96  53.80  53.66  53.50
  53.36  53.22  53.10  52.99  52.91  52.84  52.80
  52.77  52.77  52.77  52.80  52.82  52.86  52.89
  52.92  52.94  52.95  52.94  52.91  52.86  52.79
  52.68  52.55  52.38  52.18  51.93  51.65  51.32
  50.95  50.51  50.04  49.51  48.94  48.30  47.62
  46.88  46.08  45.20  44.24  43.17  42.06  41.50
  44.97  71.00
Row   17: 
  93.00
  68.62  62.07  59.57  58.19  57.23  56.51  55.96
  55.54  55.21  54.96  54.76  54.60  54.46  54.33
  54.21  54.08  53.97  53.83  53.71  53.57  53.45
  53.32  53.21  53.10  53.01  52.92  52.87  52.81
  52.79  52.76  52.76  52.76  52.77  52.78  52.80
  52.79  52.80  52.77  52.75  52.69  52.63  52.53
  52.41  52.26  52.08  51.85  51.60  51.30  50.96
  50.57  50.14  49.65  49.11  48.51  47.86  47.13
  46.34  45.46  44.47  43.32  41.92  40.06  37.19
  31.49  15.00
Row   18: 
  77.00
  65.68  61.10  58.97  57.72  56.84  56.17  55.66
  55.27  54.97  54.74  54.55  54.40  54.27  54.16
  54.05  53.94  53.83  53.72  53.61  53.50  53.38
  53.28  53.17  53.09  53.00  52.93  52.86  52.82
  52.78  52.76  52.73  52.73  52.71  52.71  52.70
  52.69  52.66  52.63  52.57  52.51  52.41  52.31
  52.17  52.01  51.80  51.58  51.30  51.00  50.64
  50.25  49.80  49.31  48.75  48.15  47.47  46.72
  45.88  44.95  43.89  42.65  41.13  39.07  35.72
  28.80  12.00
Row   19: 
  48.00
  56.00  57.69  57.51  56.87  56.23  55.68  55.25
  54.91  54.66  54.46  54.31  54.18  54.08  53.98
  53.89  53.79  53.70  53.61  53.52  53.41  53.33
  53.23  53.15  53.06  52.99  52.91  52.86  52.80
  52.77  52.73  52.71  52.68  52.66  52.63  52.62
  52.58  52.54  52.48  52.42  52.33  52.24  52.10
  51.96  51.77  51.57  51.32  51.05  50.73  50.38
  49.97  49.53  49.02  48.47  47.84  47.16  46.38
  45.53  44.56  43.48  42.26  40.89  39.38  37.80
  35.99  31.00
Row   20: 
  38.00
  52.63  56.16  56.49  56.04  55.51  55.07  54.73
  54.48  54.29  54.15  54.04  53.95  53.87  53.80
  53.72  53.65  53.57  53.50  53.41  53.34  53.25
  53.18  53.10  53.03  52.96  52.90  52.84  52.79
  52.74  52.71  52.67  52.64  52.60  52.57  52.53
  52.49  52.42  52.37  52.28  52.19  52.06  51.93
  51.77  51.58  51.36  51.12  50.83  50.52  50.15
  49.75  49.30  48.80  48.23  47.62  46.92  46.15
  45.27  44.30  43.21  42.02  40.77  39.77  40.11
  46.36  79.00
Row   21: 
  63.00
  60.35  57.83  56.24  55.29  54.71  54.35  54.13
  53.98  53.88  53.81  53.75  53.70  53.66  53.60
  53.56  53.50  53.45  53.38  53.33  53.25  53.19
  53.12  53.06  52.99  52.93  52.87  52.82  52.76
  52.73  52.67  52.64  52.59  52.56  52.50  52.46
  52.39  52.33  52.25  52.16  52.05  51.93  51.77
  51.61  51.41  51.20  50.94  50.66  50.33  49.98
  49.57  49.13  48.62  48.07  47.45  46.77  45.99
  45.13  44.15  43.06  41.81  40.42  38.81  36.50
  30.34  2.000
Row   22: 
  99.00
  67.94  58.57  55.36  54.16  53.68  53.51  53.44
  53.44  53.44  53.45  53.45  53.45  53.44  53.43
  53.40  53.37  53.32  53.28  53.23  53.18  53.12
  53.07  53.00  52.96  52.89  52.85  52.79  52.74
  52.69  52.65  52.59  52.56  52.50  52.45  52.38
  52.32  52.24  52.16  52.05  51.94  51.80  51.65
  51.47  51.28  51.05  50.80  50.51  50.20  49.83
  49.44  49.00  48.52  47.97  47.37  46.69  45.94
  45.09  44.13  43.04  41.77  40.29  38.56  36.74
  36.51  49.00
Row   23: 
  49.00
  53.85  53.13  52.48  52.30  52.37  52.54  52.72
  52.87  53.00  53.09  53.17  53.21  53.24  53.24
  53.25  53.23  53.21  53.18  53.15  53.10  53.06
  53.01  52.96  52.91  52.87  52.81  52.77  52.71
  52.67  52.61  52.57  52.51  52.46  52.39  52.33
  52.25  52.17  52.07  51.97  51.84  51.71  51.54
  51.37  51.16  50.94  50.68  50.41  50.08  49.74
  49.35  48.93  48.45  47.93  47.35  46.70  45.98
  45.17  44.25  43.19  41.94  40.40  38.38  35.40
  29.97  16.00
Row   24: 
  42.00
  45.33  47.64  49.13  50.18  50.96  51.56  52.00
  52.34  52.59  52.77  52.90  52.99  53.05  53.09
  53.10  53.11  53.10  53.09  53.06  53.03  52.99
  52.96  52.91  52.87  52.82  52.78  52.73  52.69
  52.63  52.59  52.53  52.48  52.41  52.35  52.27
  52.20  52.10  52.01  51.88  51.77  51.61  51.46
  51.27  51.08  50.85  50.60  50.32  50.02  49.68
  49.31  48.89  48.45  47.94  47.40  46.78  46.11
  45.35  44.51  43.53  42.39  41.00  39.18  36.50
  31.96  23.00
Row   25: 
  30.00
  37.84  42.96  46.22  48.33  49.75  50.72  51.41
  51.89  52.25  52.49  52.67  52.79  52.88  52.94
  52.98  52.99  53.00  52.99  52.99  52.96  52.94
  52.90  52.87  52.83  52.80  52.74  52.71  52.65
  52.61  52.55  52.50  52.44  52.38  52.30  52.23
  52.14  52.05  51.94  51.83  51.69  51.56  51.39
  51.21  51.01  50.79  50.54  50.28  49.98  49.66
  49.30  48.91  48.48  48.02  47.50  46.94  46.32
  45.64  44.88  44.04  43.10  42.03  40.82  39.47
  38.39  41.00
Row   26: 
  21.00
  33.07  40.13  44.44  47.18  48.97  50.18  51.01
  51.59  52.00  52.29  52.49  52.64  52.74  52.82
  52.86  52.90  52.91  52.92  52.91  52.90  52.88
  52.86  52.82  52.80  52.75  52.72  52.67  52.64
  52.58  52.54  52.47  52.42  52.34  52.28  52.19
  52.11  52.00  51.90  51.78  51.65  51.50  51.34
  51.16  50.97  50.75  50.52  50.25  49.97  49.66
  49.33  48.95  48.56  48.12  47.66  47.14  46.59
  45.99  45.35  44.65  43.93  43.21  42.59  42.16
  41.12  31.00
Row   27: 
  22.00
  33.31  40.06  44.25  46.97  48.79  50.02  50.87
  51.45  51.87  52.16  52.38  52.53  52.64  52.72
  52.78  52.81  52.84  52.84  52.85  52.84  52.84
  52.81  52.79  52.76  52.74  52.69  52.66  52.61
  52.57  52.51  52.46  52.39  52.33  52.24  52.17
  52.07  51.98  51.86  51.75  51.61  51.47  51.30
  51.14  50.94  50.74  50.50  50.26  49.98  49.70
  49.38  49.04  48.67  48.28  47.85  47.40  46.90
  46.39  45.85  45.30  44.75  44.30  44.18  45.47
  52.91  89.00
Row   28: 
  28.00
  38.10  42.54  45.53  47.67  49.18  50.24  50.97
  51.50  51.86  52.13  52.32  52.46  52.56  52.65
  52.70  52.74  52.77  52.79  52.79  52.80  52.78
  52.78  52.75  52.74  52.70  52.68  52.63  52.60
  52.54  52.50  52.43  52.38  52.30  52.23  52.14
  52.06  51.95  51.85  51.72  51.60  51.44  51.30
  51.12  50.94  50.73  50.52  50.28  50.03  49.75
  49.47  49.14  48.81  48.45  48.08  47.67  47.25
  46.82  46.38  45.93  45.50  45.03  44.36  42.63
  36.07  8.000
Row   29: 
  71.00
  48.55  46.47  47.66  49.00  50.03  50.78  51.31
  51.68  51.96  52.16  52.32  52.43  52.52  52.59
  52.65  52.68  52.72  52.73  52.75  52.75  52.76
  52.74  52.74  52.71  52.69  52.65  52.63  52.58
  52.54  52.48  52.43  52.36  52.30  52.21  52.14
  52.04  51.95  51.83  51.72  51.58  51.45  51.28
  51.13  50.94  50.76  50.54  50.33  50.08  49.84
  49.56  49.28  48.97  48.66  48.32  47.97  47.61
  47.25  46.89  46.56  46.26  45.98  45.61  44.60
  40.74  25.00
Row   30: 
  3.000
  38.62  47.14  49.63  50.63  51.17  51.53  51.78
  51.98  52.12  52.25  52.34  52.43  52.49  52.55
  52.59  52.64  52.66  52.70  52.70  52.72  52.72
  52.72  52.70  52.70  52.67  52.65  52.61  52.58
  52.52  52.48  52.42  52.36  52.29  52.22  52.12
  52.04  51.93  51.83  51.71  51.59  51.44  51.30
  51.13  50.97  50.78  50.59  50.38  50.17  49.93
  49.69  49.42  49.16  48.87  48.58  48.28  47.98
  47.68  47.40  47.15  47.00  47.02  47.50  49.43
  57.30  93.00
Row   31: 
  65.00
  55.79  53.83  53.11  52.73  52.51  52.38  52.33
  52.31  52.33  52.35  52.39  52.43  52.48  52.52
  52.56  52.59  52.63  52.65  52.68  52.69  52.70
  52.69  52.70  52.68  52.67  52.63  52.61  52.57
  52.53  52.48  52.43  52.36  52.30  52.21  52.14
  52.04  51.95  51.83  51.73  51.59  51.47  51.31
  51.17  51.00  50.83  50.64  50.46  50.25  50.04
  49.81  49.59  49.34  49.10  48.85  48.60  48.34
  48.09  47.86  47.67  47.55  47.61  47.93  48.34
  46.00  21.00
Row   32: 
  81.00
  65.72  59.27  56.25  54.66  53.73  53.17  52.83
  52.62  52.50  52.45  52.43  52.44  52.46  52.50
  52.53  52.57  52.59  52.63  52.65  52.67  52.68
  52.69  52.68  52.68  52.66  52.65  52.61  52.58
  52.53  52.49  52.43  52.38  52.30  52.23  52.14
  52.06  51.95  51.86  51.73  51.62  51.48  51.35
  51.20  51.05  50.88  50.72  50.53  50.35  50.15
  49.96  49.75  49.55  49.33  49.12  48.90  48.69
  48.48  48.28  48.09  47.95  47.92  48.27  50.00
  57.37  91.00
Row   33: 
  76.00
  66.83  61.27  57.97  55.92  54.60  53.74  53.19
  52.84  52.63  52.50  52.45  52.43  52.44  52.46
  52.50  52.53  52.57  52.60  52.63  52.65  52.67
  52.67  52.69  52.67  52.67  52.64  52.63  52.59
  52.56  52.50  52.45  52.38  52.33  52.24  52.17
  52.07  51.98  51.87  51.77  51.64  51.53  51.38
  51.25  51.10  50.95  50.78  50.63  50.45  50.28
  50.10  49.93  49.74  49.57  49.39  49.22  49.04
  48.87  48.69  48.48  48.22  47.85  47.24  46.02
  42.48  27.00
Row   34: 
  71.00
  64.32  61.01  58.43  56.45  55.01  54.02  53.35
  52.92  52.65  52.50  52.42  52.40  52.40  52.43
  52.46  52.50  52.54  52.58  52.61  52.65  52.66
  52.68  52.68  52.69  52.67  52.67  52.63  52.61
  52.57  52.53  52.47  52.42  52.34  52.28  52.19
  52.11  52.00  51.91  51.79  51.69  51.56  51.44
  51.30  51.17  51.01  50.87  50.71  50.57  50.40
  50.25  50.09  49.95  49.80  49.66  49.52  49.40
  49.26  49.12  48.92  48.61  48.01  46.82  44.37
  39.52  32.00
Row   35: 
  39.00
  58.45  60.01  58.30  56.43  54.98  53.95  53.28
  52.84  52.57  52.42  52.35  52.33  52.35  52.37
  52.42  52.47  52.52  52.56  52.61  52.64  52.67
  52.68  52.70  52.70  52.70  52.68  52.67  52.63
  52.60  52.55  52.51  52.44  52.38  52.30  52.23
  52.13  52.05  51.94  51.84  51.72  51.62  51.48
  51.36  51.22  51.10  50.95  50.82  50.67  50.54
  50.39  50.27  50.14  50.03  49.92  49.83  49.75
  49.68  49.60  49.49  49.26  48.78  47.66  45.12
  39.21  25.00
Row   36: 
  93.00
  70.45  62.31  58.32  55.99  54.51  53.56  52.95
  52.59  52.37  52.27  52.22  52.23  52.26  52.32
  52.37  52.44  52.49  52.56  52.60  52.65  52.67
  52.71  52.72  52.73  52.72  52.72  52.69  52.67
  52.63  52.60  52.54  52.49  52.41  52.35  52.26
  52.18  52.08  51.99  51.88  51.78  51.66  51.55
  51.42  51.30  51.16  51.04  50.91  50.78  50.65
  50.54  50.42  50.33  50.24  50.17  50.12  50.10
  50.09  50.12  50.16  50.19  50.16  49.94  49.22
  47.23  42.00
Row   37: 
  85.00
  68.03  60.43  56.71  54.69  53.52  52.81  52.40
  52.17  52.07  52.03  52.06  52.10  52.18  52.25
  52.33  52.40  52.48  52.54  52.61  52.65  52.70
  52.72  52.75  52.76  52.77  52.75  52.74  52.71
  52.68  52.63  52.59  52.52  52.47  52.39  52.32
  52.22  52.14  52.04  51.94  51.83  51.73  51.60
  51.49  51.36  51.25  51.12  51.01  50.88  50.78
  50.67  50.58  50.49  50.44  50.40  50.39  50.42
  50.49  50.62  50.84  51.18  51.74  52.72  54.60
  58.47  67.00
Row   38: 
  56.00
  56.26  54.69  53.38  52.54  52.05  51.79  51.67
  51.65  51.68  51.76  51.85  51.96  52.07  52.18
  52.28  52.39  52.47  52.55  52.62  52.68  52.72
  52.77  52.78  52.81  52.80  52.81  52.78  52.77
  52.73  52.69  52.63  52.59  52.51  52.45  52.36
  52.29  52.19  52.10  51.99  51.90  51.78  51.68
  51.55  51.44  51.32  51.21  51.09  50.99  50.88
  50.80  50.71  50.65  50.61  50.60  50.62  50.70
  50.82  51.05  51.39  51.95  52.89  54.61  57.97
  65.07  81.00
Row   39: 
  39.00
  46.30  48.69  49.60  50.05  50.35  50.60  50.84
  51.05  51.26  51.45  51.64  51.81  51.97  52.11
  52.25  52.36  52.48  52.56  52.65  52.71  52.77
  52.80  52.84  52.85  52.87  52.86  52.85  52.82
  52.80  52.74  52.70  52.64  52.58  52.50  52.43
  52.34  52.26  52.15  52.06  51.95  51.85  51.73
  51.63  51.51  51.41  51.29  51.19  51.08  50.99
  50.90  50.84  50.78  50.76  50.76  50.81  50.91
  51.08  51.34  51.73  52.34  53.28  54.84  57.61
  62.83  73.00
Row   40: 
  38.00
  41.24  44.18  46.27  47.70  48.70  49.45  50.02
  50.48  50.85  51.17  51.44  51.68  51.88  52.06
  52.22  52.37  52.48  52.59  52.68  52.76  52.81
  52.87  52.90  52.93  52.93  52.93  52.91  52.90
  52.86  52.82  52.76  52.71  52.64  52.57  52.49
  52.41  52.31  52.23  52.12  52.02  51.91  51.81
  51.69  51.59  51.47  51.37  51.26  51.17  51.07
  51.00  50.93  50.89  50.87  50.89  50.94  51.05
  51.23  51.50  51.87  52.38  53.05  53.88  54.77
  55.65  59.00
Row   41: 
  33.00
  36.48  40.53  43.59  45.77  47.33  48.46  49.32
  49.98  50.50  50.92  51.28  51.56  51.82  52.03
  52.22  52.37  52.52  52.63  52.74  52.81  52.89
  52.93  52.98  53.00  53.02  53.01  53.00  52.97
  52.94  52.89  52.85  52.78  52.72  52.64  52.57
  52.47  52.39  52.29  52.20  52.09  51.99  51.87
  51.77  51.66  51.56  51.44  51.35  51.24  51.16
  51.08  51.02  50.97  50.96  50.97  51.03  51.13
  51.30  51.54  51.87  52.26  52.67  52.86  51.96
  46.01  16.00
Row   42: 
  17.00
  31.17  37.86  41.81  44.46  46.36  47.76  48.81
  49.62  50.25  50.76  51.16  51.51  51.78  52.03
  52.23  52.42  52.56  52.70  52.80  52.90  52.96
  53.03  53.06  53.09  53.10  53.11  53.08  53.07
  53.02  52.99  52.92  52.87  52.79  52.72  52.63
  52.56  52.46  52.37  52.26  52.17  52.05  51.95
  51.84  51.74  51.62  51.52  51.41  51.32  51.22
  51.15  51.07  51.03  51.00  51.01  51.05  51.15
  51.29  51.51  51.79  52.13  52.49  52.94  54.17
  60.44  94.00
Row   43: 
  25.00
  33.33  37.92  41.31  43.91  45.90  47.40  48.55
  49.43  50.13  50.68  51.13  51.49  51.80  52.06
  52.29  52.47  52.64  52.77  52.89  52.98  53.07
  53.12  53.17  53.19  53.21  53.20  53.19  53.16
  53.13  53.07  53.02  52.95  52.89  52.80  52.72
  52.63  52.54  52.44  52.34  52.23  52.13  52.02
  51.92  51.80  51.70  51.58  51.48  51.38  51.29
  51.19  51.12  51.06  51.02  51.01  51.04  51.10
  51.22  51.41  51.66  51.96  52.23  52.25  51.36
  47.56  33.00
Row   44: 
  53.00
  39.22  39.19  41.60  43.99  45.92  47.41  48.55
  49.45  50.14  50.71  51.16  51.55  51.86  52.14
  52.36  52.57  52.73  52.88  53.00  53.10  53.18
  53.25  53.28  53.32  53.32  53.33  53.30  53.28
  53.23  53.19  53.12  53.06  52.97  52.90  52.80
  52.72  52.62  52.52  52.41  52.32  52.20  52.10
  51.98  51.88  51.76  51.66  51.54  51.44  51.33
  51.24  51.15  51.08  51.01  50.98  50.97  51.00
  51.09  51.24  51.49  51.83  52.23  52.45  51.46
  45.43  20.00
Row   45: 
  17.00
  31.37  38.02  41.92  44.51  46.37  47.75  48.81
  49.64  50.30  50.84  51.29  51.65  51.98  52.24
  52.48  52.68  52.86  53.00  53.13  53.23  53.32
  53.38  53.43  53.45  53.46  53.45  53.44  53.39
  53.36  53.29  53.23  53.15  53.08  52.99  52.90
  52.80  52.71  52.60  52.50  52.39  52.29  52.17
  52.07  51.95  51.84  51.72  51.61  51.49  51.38
  51.27  51.17  51.07  50.99  50.91  50.87  50.85
  50.88  50.99  51.21  51.64  52.42  53.85  56.62
  62.69  80.00
Row   46: 
  10.00
  31.23  39.61  43.53  45.79  47.30  48.42  49.30
  50.01  50.58  51.07  51.47  51.83  52.13  52.40
  52.62  52.83  53.00  53.16  53.28  53.39  53.47
  53.54  53.57  53.61  53.60  53.60  53.57  53.54
  53.48  53.42  53.34  53.27  53.18  53.09  52.99
  52.90  52.79  52.69  52.58  52.48  52.36  52.26
  52.13  52.03  51.90  51.79  51.66  51.54  51.41
  51.30  51.17  51.06  50.94  50.83  50.73  50.66
  50.60  50.61  50.73  51.09  51.95  53.92  58.46
  68.74  90.00
Row   47: 
  40.00
  43.95  45.64  46.82  47.79  48.62  49.34  49.96
  50.49  50.96  51.36  51.73  52.04  52.33  52.57
  52.80  52.99  53.17  53.32  53.46  53.56  53.65
  53.71  53.75  53.77  53.78  53.75  53.73  53.67
  53.62  53.55  53.47  53.38  53.30  53.19  53.10
  52.99  52.89  52.77  52.67  52.55  52.45  52.33
  52.22  52.09  51.98  51.85  51.73  51.59  51.46
  51.32  51.18  51.03  50.89  50.73  50.58  50.42
  50.27  50.13  50.03  50.04  50.36  51.43  54.56
  63.79  94.00
Row   48: 
  83.00
  58.93  52.18  50.31  49.94  50.06  50.36  50.70
  51.06  51.39  51.72  52.01  52.29  52.55  52.79
  53.00  53.19  53.36  53.52  53.65  53.76  53.84
  53.91  53.94  53.97  53.95  53.94  53.89  53.84
  53.77  53.69  53.60  53.51  53.40  53.31  53.19
  53.09  52.98  52.87  52.75  52.65  52.53  52.42
  52.29  52.18  52.05  51.92  51.78  51.65  51.50
  51.35  51.18  51.02  50.83  50.65  50.43  50.20
  49.92  49.60  49.20  48.70  48.00  46.90  44.55
  37.86  14.00
Row   49: 
  60.00
  56.59  53.84  52.31  51.59  51.33  51.31  51.44
  51.62  51.85  52.09  52.33  52.56  52.80  53.01
  53.22  53.41  53.58  53.73  53.87  53.98  54.07
  54.12  54.16  54.17  54.16  54.13  54.08  54.01
  53.93  53.84  53.74  53.63  53.53  53.41  53.31
  53.19  53.08  52.96  52.85  52.73  52.62  52.49
  52.38  52.25  52.13  52.00  51.86  51.71  51.55
  51.38  51.20  51.01  50.80  50.57  50.31  50.00
  49.63  49.14  48.48  47.53  46.07  43.59  38.91
  29.09  7.000
Row   50: 
  44.00
  53.57  54.30  53.51  52.78  52.34  52.14  52.10
  52.17  52.29  52.46  52.64  52.85  53.05  53.26
  53.45  53.64  53.81  53.98  54.11  54.23  54.31
  54.37  54.40  54.41  54.38  54.34  54.27  54.20
  54.10  54.00  53.88  53.77  53.65  53.53  53.41
  53.29  53.17  53.05  52.93  52.82  52.70  52.59
  52.46  52.35  52.21  52.08  51.93  51.78  51.61
  51.43  51.23  51.02  50.78  50.53  50.23  49.88
  49.43  48.86  48.05  46.89  45.15  42.48  38.40
  32.59  26.00
Row   51: 
  67.00
  59.40  56.27  54.64  53.69  53.12  52.81  52.67
  52.64  52.69  52.80  52.95  53.12  53.31  53.50
  53.70  53.89  54.07  54.23  54.38  54.49  54.59
  54.64  54.67  54.66  54.64  54.57  54.50  54.39
  54.28  54.16  54.04  53.90  53.78  53.64  53.52
  53.39  53.27  53.14  53.02  52.90  52.79  52.67
  52.56  52.44  52.31  52.17  52.03  51.86  51.69
  51.49  51.28  51.05  50.80  50.52  50.21  49.84
  49.39  48.79  47.98  46.83  45.16  42.77  39.64
  36.85  40.00
Row   52: 
  75.00
  60.77  56.72  55.09  54.20  53.65  53.31  53.11
  53.04  53.04  53.11  53.23  53.38  53.56  53.75
  53.95  54.15  54.33  54.51  54.66  54.79  54.88
  54.95  54.97  54.96  54.91  54.83  54.73  54.61
  54.47  54.33  54.18  54.04  53.90  53.76  53.62
  53.49  53.35  53.23  53.10  52.98  52.87  52.76
  52.65  52.54  52.41  52.29  52.13  51.96  51.77
  51.57  51.34  51.10  50.84  50.56  50.24  49.89
  49.47  48.95  48.25  47.29  45.90  43.80  40.55
  35.17  25.00
Row   53: 
  36.00
  51.96  54.76  54.81  54.38  53.96  53.65  53.45
  53.34  53.33  53.37  53.47  53.61  53.79  53.99
  54.20  54.41  54.62  54.81  54.98  55.12  55.23
  55.28  55.31  55.28  55.22  55.11  54.98  54.83
  54.67  54.50  54.34  54.17  54.02  53.87  53.73
  53.58  53.45  53.31  53.18  53.06  52.95  52.84
  52.75  52.65  52.54  52.40  52.26  52.08  51.88
  51.66  51.42  51.16  50.90  50.62  50.32  50.00
  49.66  49.27  48.80  48.19  47.33  45.99  43.58
  38.27  24.00
Row   54: 
  59.00
  56.32  55.55  55.01  54.55  54.17  53.88  53.68
  53.57  53.54  53.58  53.67  53.82  54.00  54.22
  54.45  54.69  54.92  55.14  55.33  55.49  55.60
  55.67  55.68  55.65  55.55  55.43  55.25  55.07
  54.86  54.67  54.47  54.30  54.13  53.98  53.83
  53.68  53.53  53.39  53.25  53.13  53.02  52.93
  52.85  52.77  52.67  52.56  52.40  52.22  52.01
  51.77  51.51  51.25  50.97  50.70  50.42  50.15
  49.90  49.67  49.48  49.33  49.24  49.26  49.52
  50.33  53.00
Row   55: 
  66.00
  58.77  56.11  55.13  54.63  54.29  54.02  53.83
  53.72  53.69  53.72  53.83  53.98  54.19  54.43
  54.69  54.96  55.23  55.48  55.71  55.89  56.03
  56.11  56.12  56.06  55.95  55.77  55.56  55.31
  55.07  54.82  54.61  54.41  54.24  54.08  53.93
  53.77  53.62  53.45  53.31  53.17  53.08  53.00
  52.95  52.90  52.83  52.73  52.59  52.39  52.17
  51.90  51.63  51.34  51.05  50.77  50.51  50.28
  50.11  50.04  50.12  50.40  51.04  52.30  54.89
  60.54  73.00
Row   56: 
  67.00
  56.63  55.01  54.76  54.57  54.33  54.09  53.90
  53.79  53.76  53.81  53.92  54.11  54.34  54.62
  54.92  55.24  55.55  55.86  56.13  56.36  56.52
  56.61  56.62  56.54  56.38  56.16  55.87  55.57
  55.25  54.97  54.72  54.51  54.33  54.18  54.03
  53.88  53.70  53.52  53.34  53.20  53.10  53.06
  53.05  53.05  53.03  52.95  52.81  52.61  52.35
  52.05  51.74  51.43  51.12  50.83  50.56  50.35
  50.23  50.27  50.54  51.13  52.20  54.01  57.21
  63.94  83.00
Row   57: 
  22.00
  45.76  52.53  54.32  54.56  54.37  54.10  53.90
  53.78  53.76  53.82  53.96  54.17  54.45  54.78
  55.14  55.51  55.90  56.26  56.60  56.88  57.08
  57.19  57.20  57.10  56.90  56.60  56.23  55.82
  55.42  55.06  54.79  54.57  54.41  54.27  54.14
  53.98  53.80  53.57  53.35  53.16  53.07  53.07
  53.15  53.23  53.27  53.23  53.10  52.87  52.57
  52.22  51.86  51.50  51.17  50.85  50.56  50.32
  50.20  50.26  50.63  51.39  52.63  54.33  56.00
  55.01  39.00
Row   58: 
  41.00
  51.88  55.03  55.41  54.99  54.47  54.06  53.80
  53.69  53.67  53.75  53.91  54.17  54.51  54.91
  55.34  55.79  56.25  56.71  57.12  57.48  57.74
  57.88  57.89  57.77  57.50  57.11  56.61  56.06
  55.53  55.10  54.78  54.58  54.45  54.36  54.27
  54.14  53.92  53.63  53.30  53.05  52.94  53.02
  53.22  53.45  53.60  53.62  53.48  53.21  52.84
  52.41  51.97  51.57  51.21  50.86  50.51  50.18
  49.96  49.97  50.33  51.17  52.58  54.67  57.46
  61.09  68.00
Row   59: 
  77.00
  65.72  60.31  57.32  55.53  54.46  53.86  53.57
  53.48  53.51  53.59  53.77  54.08  54.52  55.01
  55.52  56.05  56.61  57.18  57.72  58.17  58.51
  58.69  58.72  58.57  58.24  57.73  57.06  56.28
  55.56  55.01  54.68  54.51  54.46  54.45  54.45
  54.37  54.13  53.70  53.20  52.77  52.64  52.84
  53.29  53.75  54.06  54.14  54.01  53.66  53.16
  52.59  52.04  51.59  51.22  50.88  50.45  49.93
  49.49  49.31  49.56  50.37  51.87  54.32  58.07
  63.88  74.00
Row   60: 
  98.00
  73.70  63.17  58.02  55.34  53.99  53.35  53.12
  53.16  53.27  53.35  53.49  53.88  54.48  55.10
  55.66  56.28  56.97  57.69  58.39  58.99  59.42
  59.67  59.72  59.55  59.14  58.53  57.61  56.46
  55.39  54.70  54.41  54.34  54.40  54.55  54.70
  54.77  54.52  53.87  53.00  52.22  51.98  52.43
  53.33  54.20  54.74  54.90  54.73  54.25  53.56
  52.76  52.02  51.52  51.22  50.97  50.46  49.62
  48.76  48.24  48.24  48.87  50.22  52.65  56.64
  62.36  65.00
Row   61: 
  84.00
  67.90  60.65  56.24  53.84  52.79  52.44  52.42
  52.76  53.06  53.06  52.97  53.45  54.42  55.23
  55.78  56.42  57.31  58.21  59.17  59.99  60.52
  60.86  60.93  60.77  60.25  59.63  58.39  56.55
  54.85  53.97  53.95  54.01  54.25  54.65  55.03
  55.50  55.31  54.24  52.72  51.13  50.62  51.56
  53.41  54.98  55.79  56.00  55.77  55.06  54.07
  52.86  51.76  51.26  51.17  51.34  50.79  49.32
  47.69  46.63  46.30  46.63  47.50  49.41  53.48
  63.93  99.00
Row   62: 
  24.00
  53.24  55.30  52.44  50.98  50.90  51.21  51.35
  52.41  53.17  52.84  51.87  52.54  54.50  55.63
  55.79  56.32  57.63  58.66  60.09  61.27  61.80
  62.32  62.37  62.35  61.47  61.35  59.76  56.52
  53.49  52.40  53.40  53.52  53.95  54.77  55.26
  56.88  56.99  55.07  52.51  48.98  47.81  49.80
  53.76  56.53  57.43  57.53  57.30  56.15  54.78
  52.88  50.88  50.58  50.86  52.44  52.03  49.19
  46.06  44.28  43.69  43.86  43.73  44.03  43.94
  40.86  23.00
Row   63: 
  89.00
  65.78  54.87  47.23  46.74  48.64  50.14  49.34
  52.37  54.35  53.26  49.13  50.35  55.42  57.01
  55.42  55.44  58.25  58.72  61.25  63.18  63.11
  64.24  63.88  64.79  61.94  64.52  62.78  56.26
  50.20  48.72  53.74  52.70  53.28  55.21  54.36
  59.76  60.70  56.54  53.26  44.45  41.83  46.08
  55.30  59.94  59.89  59.37  59.77  57.44  56.03
  52.99  48.31  49.32  49.24  55.52  55.71  49.34
  43.09  40.76  40.31  41.41  39.52  39.04  37.37
  32.59  5.000
Row   64: 
  92.00
  65.99  51.19  34.88  40.10  46.77  51.36  43.52
  53.38  58.62  56.73  41.04  44.30  59.82  61.57
  53.44  51.77  61.19  56.73  63.02  67.11  63.21
  67.64  64.12  70.97  56.98  72.02  70.59  55.54
  42.32  38.55  60.14  50.27  51.24  58.42  47.22
  67.12  69.49  57.14  59.54  33.74  28.99  37.37
  61.43  68.04  62.80  60.29  64.97  57.83  58.90
  54.73  40.05  49.16  41.27  64.68  65.94  49.37
  36.20  35.34  35.39  41.93  33.92  35.22  33.93
  47.13  88.00
Row   65: 
  28.00
  55.00  49.00  1.000  32.00  47.00  65.00  20.00
  59.00  70.00  74.00  14.00  26.00  78.00  76.00
  45.00  37.00  78.00  44.00  67.00  79.00  55.00
  79.00  54.00  98.00  23.00  96.00  92.00  53.00
  25.00  3.000  98.00  37.00  43.00  80.00  9.000
  92.00  93.00  43.00  94.00  2.000  3.000  13.00
  85.00  88.00  63.00  54.00  82.00  50.00  67.00
  67.00  8.000  66.00  2.000  96.00  94.00  46.00
  17.00  29.00  24.00  57.00  19.00  34.00  16.00
  34.00  96.00


SEQUENTIAL EXECUTION TIME: 1846361451
PARALLEL EXECUTION TIME: 33374910
SPEEDUP:   55.32
NUMBER OF PROCESSORS USED: 65
